415
1276 56
1278 54
1280 54
1282 56
1284 58
1286 60
1286 62
1288 64
1290 66
1290 68
1292 70
1294 72
1296 74
1296 76
1298 78
1300 80
1302 82
1302 84
1304 82
1306 82
1308 82
1310 80
1312 80
1314 78
1316 78
1318 76
1320 76
1322 74
1324 74
1326 72
1328 72
1330 72
1332 70
1334 70
1336 70
1338 70
1340 72
1340 74
1340 76
1340 78
1340 80
1340 82
1340 84
1340 86
1340 88
1340 90
1342 92
1342 94
1342 96
1342 98
1342 100
1342 102
1342 104
1342 106
1344 108
1346 108
1348 108
1350 108
1352 108
1354 108
1356 108
1358 108
1360 108
1362 108
1364 108
1366 110
1368 110
1370 110
1372 110
1374 110
1376 110
1378 110
1380 112
1380 114
1380 116
1380 118
1378 120
1378 122
1376 124
1376 126
1374 128
1374 130
1372 132
1372 134
1370 136
1370 138
1368 140
1368 142
1368 144
1366 146
1368 148
1370 150
1372 150
1374 152
1376 154
1378 154
1380 156
1382 158
1384 160
1386 160
1388 162
1390 164
1392 164
1394 166
1396 168
1396 170
1394 172
1392 174
1390 176
1388 178
1386 178
1384 180
1382 182
1380 182
1378 184
1376 186
1374 186
1372 188
1370 190
1368 192
1366 192
1366 194
1368 196
1368 198
1370 200
1370 202
1372 204
1372 206
1374 208
1374 210
1376 212
1376 214
1376 216
1378 218
1378 220
1380 222
1380 224
1380 226
1378 228
1376 230
1374 230
1372 230
1370 230
1368 230
1366 230
1364 230
1362 230
1360 230
1358 230
1356 230
1354 232
1352 232
1350 232
1348 232
1346 232
1344 232
1342 232
1342 234
1342 236
1342 238
1342 240
1342 242
1342 244
1342 246
1340 248
1340 250
1340 252
1340 254
1340 256
1340 258
1340 260
1340 262
1340 264
1340 266
1340 268
1338 270
1336 270
1334 270
1332 268
1330 268
1328 266
1326 266
1324 266
1322 264
1320 264
1318 262
1316 262
1314 260
1312 260
1310 258
1308 258
1306 256
1304 256
1302 256
1300 258
1298 260
1298 262
1296 264
1294 266
1294 268
1292 270
1290 272
1290 274
1288 276
1286 278
1284 280
1284 282
1282 284
1280 284
1278 284
1276 284
1274 282
1274 280
1272 278
1270 276
1270 274
1268 272
1266 270
1264 268
1264 266
1262 264
1260 262
1260 260
1258 258
1256 256
1254 256
1252 256
1250 258
1248 258
1246 260
1244 260
1242 262
1240 262
1238 264
1236 264
1234 266
1232 266
1230 268
1228 268
1226 268
1224 270
1222 270
1220 270
1218 268
1218 266
1218 264
1218 262
1218 260
1218 258
1218 256
1218 254
1218 252
1218 250
1218 248
1216 246
1216 244
1216 242
1216 240
1216 238
1216 236
1216 234
1216 232
1214 232
1212 232
1210 232
1208 232
1206 232
1204 232
1202 230
1200 230
1198 230
1196 230
1194 230
1192 230
1190 230
1188 230
1186 230
1184 230
1182 230
1180 228
1178 226
1178 224
1178 222
1180 220
1180 218
1182 216
1182 214
1184 212
1184 210
1184 208
1186 206
1186 204
1188 202
1188 200
1190 198
1190 196
1192 194
1192 192
1190 190
1188 190
1186 188
1184 186
1182 186
1180 184
1178 182
1176 182
1174 180
1172 178
1170 178
1168 176
1166 174
1164 174
1162 172
1162 170
1162 168
1164 166
1166 164
1168 164
1170 162
1172 160
1174 160
1176 158
1178 156
1180 154
1182 154
1184 152
1186 150
1188 150
1190 148
1192 146
1190 144
1190 142
1190 140
1188 138
1188 136
1186 134
1186 132
1184 130
1184 128
1182 126
1182 124
1180 122
1180 120
1178 118
1178 116
1178 114
1178 112
1180 110
1182 110
1184 110
1186 110
1188 110
1190 110
1192 110
1194 108
1196 108
1198 108
1200 108
1202 108
1204 108
1206 108
1208 108
1210 108
1212 108
1214 108
1216 106
1216 104
1216 102
1216 100
1216 98
1216 96
1216 94
1218 92
1218 90
1218 88
1218 86
1218 84
1218 82
1218 80
1218 78
1218 76
1218 74
1218 72
1220 70
1222 70
1224 70
1226 70
1228 72
1230 72
1232 72
1234 74
1236 74
1238 76
1240 76
1242 78
1244 78
1246 80
1248 80
1250 82
1252 82
1254 82
1256 84
1258 82
1258 80
1260 78
1262 76
1262 74
1264 72
1266 70
1266 68
1268 66
1270 64
1272 62
1272 60
1274 58
