309
594 26
596 24
598 24
600 26
602 26
604 28
606 30
608 32
610 32
612 34
614 36
616 38
618 40
620 40
622 42
624 44
626 46
628 46
630 48
632 50
634 52
636 52
638 54
640 56
642 58
644 60
646 60
648 62
650 64
652 66
654 66
656 68
658 70
660 72
662 72
664 74
666 76
668 78
670 80
672 80
674 82
676 84
678 86
680 86
682 88
684 90
686 92
688 92
690 94
692 96
694 98
696 98
698 100
700 102
702 104
704 106
706 106
708 108
710 110
712 112
714 112
716 114
718 116
720 118
722 118
724 120
726 122
728 124
730 124
732 126
734 128
736 130
738 132
740 132
742 134
744 136
746 138
748 138
750 140
752 142
754 144
756 144
758 146
760 148
762 150
764 152
766 152
768 154
770 156
772 158
774 158
776 160
778 162
780 164
782 164
784 166
786 168
788 170
790 170
792 172
794 174
796 176
798 178
800 178
802 180
804 182
806 184
808 184
810 186
812 188
814 190
816 190
818 192
818 194
816 196
814 196
812 196
810 196
808 196
806 196
804 196
802 196
800 196
798 196
796 196
794 196
792 196
790 196
788 196
786 196
784 196
782 196
780 196
778 196
776 196
774 196
772 196
770 196
768 196
766 196
764 196
762 196
760 196
758 196
756 196
754 196
752 196
750 196
748 196
746 196
744 196
742 196
740 196
738 196
736 196
734 196
732 196
730 196
728 196
726 196
724 196
722 196
720 196
718 196
716 196
714 196
712 196
710 196
708 196
706 196
704 196
702 196
700 196
698 196
696 196
694 196
692 196
690 196
688 196
686 196
684 196
682 196
680 196
678 196
676 196
674 196
672 196
670 196
668 196
666 196
664 196
662 196
660 196
658 196
656 196
654 196
652 196
650 196
648 196
646 196
644 196
642 196
640 196
638 196
636 196
634 196
632 196
630 196
628 196
626 196
624 196
622 196
620 196
618 196
616 196
614 196
612 196
610 196
608 196
606 196
604 196
602 196
600 196
598 196
596 196
594 194
594 192
594 190
594 188
594 186
594 184
594 182
594 180
594 178
594 176
594 174
594 172
594 170
594 168
594 166
594 164
594 162
594 160
594 158
594 156
594 154
594 152
594 150
594 148
594 146
594 144
594 142
594 140
594 138
594 136
594 134
594 132
594 130
594 128
594 126
594 124
594 122
594 120
594 118
594 116
594 114
594 112
594 110
594 108
594 106
594 104
594 102
594 100
594 98
594 96
594 94
594 92
594 90
594 88
594 86
594 84
594 82
594 80
594 78
594 76
594 74
594 72
594 70
594 68
594 66
594 64
594 62
594 60
594 58
594 56
594 54
594 52
594 50
594 48
594 46
594 44
594 42
594 40
594 38
594 36
594 34
594 32
594 30
594 28
