938
284 216
286 214
288 214
290 214
292 214
294 214
296 214
298 214
300 214
302 214
304 214
306 216
308 216
310 216
312 216
314 216
316 218
318 218
320 220
322 220
324 222
326 222
328 224
330 224
332 226
334 228
336 228
338 230
340 232
342 234
344 234
346 236
348 238
350 240
352 240
354 242
356 244
358 246
360 248
362 248
364 250
366 252
368 254
370 256
372 256
374 258
376 260
378 260
380 262
382 264
384 266
386 266
388 268
390 268
392 270
394 272
396 272
398 274
400 274
402 276
404 276
406 276
408 278
410 278
412 278
414 280
416 280
418 280
420 280
422 280
424 280
426 280
428 280
430 280
432 278
434 278
436 278
438 278
440 278
442 276
444 276
446 276
448 274
450 274
452 274
454 272
456 272
458 272
460 270
462 270
464 270
466 268
468 268
470 266
472 266
474 266
476 264
478 264
480 262
482 262
484 262
486 260
488 260
490 260
492 258
494 258
496 258
498 256
500 256
502 256
504 254
506 254
508 254
510 254
512 254
514 254
516 254
518 254
520 254
522 254
524 254
526 254
528 254
530 256
532 256
534 258
536 258
538 260
540 262
542 262
544 264
546 266
548 268
550 270
552 272
552 274
554 276
556 278
558 280
560 282
562 284
562 286
564 286
566 288
568 286
568 284
570 282
572 280
572 278
574 276
576 276
578 276
580 276
582 278
584 280
586 282
588 284
590 286
592 288
592 290
594 292
594 294
596 296
596 298
598 300
598 302
598 304
598 306
598 308
596 310
594 312
596 312
598 314
600 314
602 316
604 316
606 318
608 318
610 320
612 320
614 322
614 324
614 326
614 328
612 330
610 330
608 330
606 330
604 330
604 332
606 334
606 336
606 338
606 340
606 342
606 344
606 346
606 348
604 350
604 352
604 354
604 356
604 358
602 360
602 362
602 364
602 366
600 368
600 370
600 372
600 374
598 376
598 378
598 380
596 382
596 384
596 386
594 388
594 390
594 392
594 394
592 396
592 398
592 400
590 402
590 404
590 406
590 408
588 410
588 412
588 414
586 416
586 418
586 420
586 422
586 424
584 426
584 428
584 430
584 432
584 434
582 436
582 438
582 440
582 442
582 444
580 446
580 448
580 450
580 452
580 454
578 456
578 458
578 460
578 462
578 464
576 466
576 468
576 470
576 472
576 474
574 476
574 478
574 480
574 482
572 484
572 486
572 488
572 490
570 492
570 494
570 496
570 498
568 500
568 502
568 504
566 506
566 508
566 510
564 512
564 514
562 516
562 518
562 520
560 522
560 524
558 526
556 528
556 530
554 532
552 534
550 536
548 538
546 540
544 540
542 542
540 542
538 542
536 542
534 542
532 542
530 542
528 542
526 542
524 542
522 542
520 542
518 542
516 540
514 540
512 540
510 540
508 538
506 538
504 538
502 536
500 536
498 534
496 534
494 532
492 532
490 532
488 530
486 528
484 528
482 526
480 526
478 524
476 524
474 522
472 522
470 520
468 518
466 518
464 516
462 516
460 514
458 512
456 512
454 510
452 508
450 508
448 506
446 504
444 504
442 502
440 500
438 498
436 496
434 496
432 494
430 492
428 490
426 488
424 486
424 484
422 482
422 480
422 478
422 476
422 474
422 472
424 470
424 468
426 466
426 464
428 462
430 460
430 458
432 456
434 454
434 452
436 450
438 448
440 446
442 444
442 442
444 440
446 438
444 438
442 438
440 438
438 438
436 438
434 440
432 440
430 440
428 440
426 442
424 442
422 442
420 444
418 444
416 444
414 446
412 446
410 446
408 448
406 448
404 448
402 450
400 450
398 450
396 452
394 452
392 454
390 454
388 454
386 456
384 456
382 458
380 458
378 458
376 460
374 460
372 460
370 462
368 462
366 464
364 464
362 466
360 466
358 466
356 468
354 468
352 470
350 470
348 470
346 472
344 472
342 474
340 474
338 474
336 476
334 476
332 478
330 478
328 480
326 480
324 480
322 482
320 482
318 484
316 484
314 484
312 486
310 486
308 488
306 488
304 490
302 490
300 490
298 492
296 492
294 494
292 494
290 494
288 496
286 496
284 498
282 498
280 500
278 500
276 500
274 502
272 502
270 504
268 504
266 504
264 506
262 506
260 508
258 508
256 508
254 510
252 510
250 512
248 512
246 514
244 514
242 514
240 516
238 516
236 518
234 518
232 518
230 520
228 520
226 522
224 522
222 522
220 524
218 524
216 524
214 526
212 526
210 528
208 528
206 528
204 530
202 530
200 532
198 532
196 532
194 534
192 534
190 534
188 536
186 536
184 536
182 538
180 538
178 538
176 540
174 540
172 542
170 542
168 542
166 542
164 544
162 544
160 544
158 546
156 546
154 546
152 546
150 548
148 548
146 548
144 548
142 550
140 550
138 550
136 550
134 550
132 550
130 550
128 550
126 548
124 548
122 546
120 544
120 542
120 540
120 538
120 536
122 534
122 532
124 530
124 528
126 526
126 524
128 522
130 520
130 518
132 516
134 514
136 512
136 510
138 508
140 506
142 504
144 502
146 500
146 498
148 496
150 494
152 492
154 490
156 488
158 486
160 484
162 482
164 480
164 478
166 476
168 474
170 472
172 470
174 468
176 466
178 464
180 462
182 460
184 458
186 456
188 454
190 452
192 450
194 448
196 446
198 444
200 442
202 440
204 438
206 436
208 434
210 432
212 430
214 428
216 426
218 424
220 422
222 420
224 418
226 416
228 414
230 412
232 410
234 408
236 406
238 404
240 402
242 400
244 398
246 396
248 394
250 392
252 390
254 388
256 386
258 384
260 382
262 380
264 378
266 376
268 374
266 376
264 378
262 378
260 380
258 382
256 384
254 384
252 386
250 388
248 390
246 390
244 392
242 394
240 396
238 396
236 398
234 400
232 402
230 402
228 404
226 406
224 408
222 408
220 410
218 412
216 414
214 414
212 416
210 418
208 420
206 422
204 422
202 424
200 426
198 428
196 430
194 430
192 432
190 434
188 436
186 436
184 438
182 440
180 442
178 444
176 444
174 446
172 448
170 450
168 452
166 452
164 454
162 456
160 458
158 458
156 460
154 462
152 464
150 466
148 466
146 468
144 470
142 472
140 472
138 474
136 476
134 478
132 480
130 480
128 482
126 484
124 486
122 488
120 488
118 490
116 492
114 494
112 496
110 496
108 498
106 500
104 502
102 502
100 504
98 506
96 508
94 510
92 510
90 512
88 514
86 516
84 516
82 518
80 520
78 522
76 522
74 524
72 526
70 528
68 528
66 530
64 532
62 534
60 534
58 536
56 538
54 538
52 540
50 542
48 542
46 544
44 544
42 546
40 546
38 546
36 546
34 544
32 542
32 540
32 538
34 536
34 534
36 532
36 530
38 528
38 526
38 524
38 522
38 520
40 518
40 516
42 514
42 512
44 510
44 508
46 506
46 504
48 502
48 500
48 498
50 496
50 494
52 492
52 490
54 488
54 486
56 484
56 482
58 480
58 478
60 476
60 474
62 472
62 470
62 468
64 466
64 464
66 462
66 460
68 458
68 456
70 454
70 452
72 450
72 448
74 446
74 444
76 442
76 440
78 438
78 436
78 434
80 432
80 430
82 428
82 426
84 424
84 422
86 420
86 418
88 416
88 414
90 412
90 410
92 408
92 406
94 404
94 402
96 400
96 398
98 396
98 394
98 392
100 390
100 388
102 386
102 384
104 382
104 380
106 378
106 376
108 374
108 372
110 370
110 368
112 366
112 364
114 362
114 360
116 358
116 356
118 354
118 352
120 350
120 348
122 346
122 344
124 342
124 340
126 338
128 336
128 334
130 332
130 330
132 328
132 326
134 324
134 322
136 320
136 318
138 316
138 314
140 312
142 310
142 308
144 306
144 304
146 302
146 300
148 298
150 296
150 294
152 292
154 290
154 288
156 286
158 284
158 282
160 280
162 278
164 276
164 274
166 272
168 270
170 268
172 266
174 264
176 262
178 260
180 258
182 256
184 256
186 254
188 254
190 252
192 252
194 250
196 250
198 250
200 248
202 248
204 248
206 246
208 246
210 246
212 246
214 244
216 244
218 244
220 242
222 242
224 242
226 240
228 240
230 238
232 238
234 236
236 236
238 234
240 234
242 232
244 232
246 230
248 230
250 228
252 226
254 226
256 224
258 224
260 222
262 222
264 222
266 220
268 220
270 218
272 218
274 218
276 216
278 216
280 216
282 216
