2490
0 0
0 2
0 4
0 6
0 8
0 10
0 12
0 14
0 16
0 18
0 20
0 22
0 24
0 26
0 28
0 30
0 32
0 34
0 36
0 38
0 40
0 42
0 44
0 46
0 48
0 50
0 52
0 54
0 56
0 58
0 60
0 62
0 64
0 66
0 68
0 70
0 72
0 74
0 76
0 78
0 80
0 82
0 84
0 86
0 88
0 90
0 92
0 94
0 96
0 98
0 100
0 102
0 104
0 106
0 108
0 110
0 112
0 114
0 116
0 118
0 120
0 122
0 124
0 126
0 128
0 130
0 132
0 134
0 136
0 138
0 140
0 142
0 144
0 146
0 172
0 174
0 176
0 178
0 180
0 182
0 184
0 186
0 188
0 190
0 192
0 194
0 196
0 198
0 200
0 202
0 204
0 206
0 208
0 210
0 212
0 214
0 216
0 218
0 220
0 222
0 224
0 226
0 228
0 230
0 232
0 234
0 236
0 238
0 240
0 242
0 244
0 246
0 248
0 250
0 252
0 254
0 256
0 258
0 260
0 262
0 264
0 266
0 268
0 270
0 272
0 274
0 276
0 278
0 280
0 282
0 284
0 286
0 288
0 290
0 292
0 294
0 296
0 298
0 300
0 302
0 304
0 306
0 308
0 310
0 312
0 314
0 316
0 318
0 320
0 322
0 324
0 326
0 328
0 330
0 332
0 334
0 336
0 338
0 340
0 342
0 344
0 346
0 348
0 350
0 352
0 354
0 356
0 358
0 360
0 362
0 364
0 366
0 368
0 370
0 372
0 374
0 376
0 378
0 380
0 382
0 384
0 386
0 388
0 390
0 392
0 394
0 396
0 398
0 400
0 402
0 404
0 406
0 408
0 410
0 412
0 414
0 416
0 418
0 420
0 422
0 424
0 426
0 428
0 430
0 432
0 434
0 436
0 438
0 440
0 442
0 444
0 446
0 448
0 450
0 452
0 454
0 456
0 458
0 460
0 462
0 464
0 466
0 468
0 470
0 472
0 474
0 476
0 478
0 480
0 482
0 484
0 486
0 488
0 490
0 492
0 494
0 496
0 498
0 500
0 502
0 504
0 506
0 508
0 510
0 512
0 514
0 516
0 518
0 520
0 522
0 524
0 526
0 528
0 530
0 532
0 534
0 536
0 538
0 540
0 542
0 544
0 546
0 548
0 550
0 552
0 554
0 556
0 558
0 560
0 562
0 564
0 566
0 568
0 570
0 572
0 574
0 576
0 578
0 580
0 582
0 584
0 586
0 588
0 590
0 592
0 594
0 596
0 598
0 600
0 602
0 604
0 606
0 608
0 610
0 612
0 614
0 616
0 618
0 620
0 622
0 624
0 626
0 628
0 630
0 632
0 634
0 636
0 638
0 640
0 642
0 644
0 646
0 648
0 650
0 652
0 654
0 656
0 658
0 660
0 662
0 664
0 666
0 668
0 670
0 672
0 674
0 676
0 678
0 680
0 682
0 684
0 686
0 688
0 690
0 692
0 694
0 696
0 698
0 700
0 702
0 704
0 706
0 708
0 710
0 712
0 714
0 716
0 718
0 720
0 722
0 724
0 726
0 728
0 730
0 732
0 734
0 736
0 738
0 740
0 742
0 744
0 746
0 748
0 750
0 752
0 754
0 756
0 758
0 760
0 762
0 764
0 766
0 768
0 770
0 772
0 774
0 776
0 778
0 780
0 782
0 784
0 786
0 788
0 790
0 792
0 794
0 796
0 798
0 800
0 802
0 804
0 806
0 808
0 810
0 812
0 814
0 816
0 818
0 820
0 822
0 824
0 826
0 828
0 830
0 832
0 834
0 836
0 838
0 840
0 842
0 844
0 846
0 848
0 850
0 852
0 854
0 856
0 858
0 860
0 862
0 864
0 866
0 868
0 870
0 872
0 874
0 876
2 876
4 876
6 876
8 876
10 876
12 876
14 876
16 876
18 876
20 876
22 876
24 876
26 876
28 876
30 876
32 876
34 876
36 876
38 876
40 876
42 876
44 876
46 876
48 876
50 876
52 876
54 876
56 876
58 876
60 876
62 876
64 876
66 876
68 876
70 876
72 876
74 876
76 876
78 876
80 876
82 876
84 876
86 876
88 876
90 876
92 876
94 876
96 876
98 876
100 876
102 876
104 876
106 876
108 876
110 876
112 876
114 876
116 876
118 876
120 876
122 876
124 876
126 876
128 876
130 876
132 876
134 876
136 876
138 876
140 876
142 876
144 876
146 876
148 876
150 876
152 876
154 876
156 876
158 876
160 876
162 876
164 876
166 876
168 876
170 876
172 876
174 876
176 876
178 876
180 876
182 876
184 876
186 876
188 876
190 876
192 876
194 876
196 876
198 876
200 876
202 876
204 876
206 876
208 876
210 876
212 876
214 876
216 876
218 876
220 876
222 876
224 876
226 876
228 876
230 876
232 876
234 876
236 876
238 876
240 876
242 876
244 876
246 876
248 876
250 876
252 876
254 876
256 876
258 876
260 876
262 876
264 876
266 876
268 876
270 876
272 876
274 876
276 876
278 876
280 876
282 876
284 876
286 876
288 876
290 876
292 876
294 876
296 876
298 876
300 876
302 876
304 876
306 876
308 876
310 876
312 876
314 876
316 876
318 876
320 876
322 876
324 876
326 876
328 876
330 876
332 876
334 876
336 876
338 876
340 876
342 876
344 876
346 876
348 876
350 876
352 876
354 876
356 876
358 876
360 876
362 876
364 876
366 876
368 876
370 876
372 876
374 876
376 876
378 876
380 876
382 876
384 876
386 876
388 876
390 876
392 876
394 876
396 876
398 876
400 876
402 876
404 876
406 876
408 876
410 876
412 876
414 876
416 876
418 876
420 876
422 876
424 876
426 876
428 876
430 876
432 876
434 876
436 876
438 876
440 876
442 876
444 876
446 876
448 876
450 876
452 876
454 876
456 876
458 876
460 876
462 876
464 876
466 876
468 876
470 876
472 876
474 876
476 876
478 876
480 876
482 876
484 876
486 876
488 876
490 876
492 876
494 876
496 876
498 876
500 876
502 876
504 876
506 876
508 876
510 876
512 876
514 876
516 876
518 876
520 876
522 876
524 876
526 876
528 876
530 876
532 876
534 876
536 876
538 876
540 876
542 876
544 876
546 876
548 876
550 876
552 876
554 876
556 876
558 876
560 876
562 876
564 876
566 876
568 876
570 876
572 876
574 876
576 876
578 876
580 876
582 876
584 876
586 876
588 876
590 876
592 876
594 876
596 876
598 876
600 876
602 876
604 876
606 876
608 876
610 876
612 876
614 876
616 876
618 876
620 876
622 876
624 876
626 876
628 876
630 876
632 876
634 876
636 876
638 876
640 876
642 876
644 876
646 876
648 876
650 876
652 876
654 876
656 876
658 876
660 876
662 876
664 876
666 876
668 876
670 876
672 876
674 876
676 876
678 876
680 876
682 876
684 876
686 876
688 876
690 876
692 876
694 876
696 876
698 876
700 876
702 876
704 876
706 876
708 876
710 876
712 876
714 876
716 876
718 876
720 876
722 876
724 876
726 876
728 876
730 876
732 876
734 876
736 876
738 876
740 876
742 876
744 876
746 876
748 876
750 876
752 876
754 876
756 876
758 876
760 876
762 876
764 876
766 876
768 876
770 876
772 876
774 876
776 876
778 876
780 876
782 876
784 876
786 876
788 876
790 876
792 876
794 876
796 876
798 876
800 876
802 876
804 876
806 876
808 876
810 876
812 876
814 876
816 876
818 876
820 876
822 876
824 876
826 876
828 876
830 876
832 876
834 876
836 876
838 876
840 876
842 876
844 876
846 876
848 876
850 876
852 876
854 876
856 876
858 876
860 876
862 876
864 876
866 876
868 876
870 876
872 876
874 876
876 876
878 876
880 876
882 876
884 876
886 876
888 876
890 876
892 876
894 876
896 876
898 876
900 876
902 876
904 876
906 876
908 876
910 876
912 876
914 876
916 876
918 876
920 876
922 876
924 876
926 876
928 876
930 876
932 876
934 876
936 876
938 876
940 876
942 876
944 876
946 876
948 876
950 876
952 876
954 876
956 876
958 876
960 876
962 876
964 876
966 876
968 876
970 876
972 876
974 876
976 876
978 876
980 876
982 876
984 876
986 876
988 876
990 876
992 876
994 876
996 876
998 876
1000 876
1002 876
1004 876
1006 876
1008 876
1010 876
1012 876
1014 876
1016 876
1018 876
1020 876
1022 876
1024 876
1026 876
1028 876
1030 876
1032 876
1034 876
1036 876
1038 876
1040 876
1042 876
1044 876
1046 876
1048 876
1050 876
1052 876
1054 876
1056 876
1058 876
1060 876
1062 876
1064 876
1066 876
1068 876
1070 876
1072 876
1074 876
1076 876
1078 876
1080 876
1082 876
1084 876
1086 876
1088 876
1090 876
1092 876
1094 876
1096 876
1098 876
1100 876
1102 876
1104 876
1106 876
1108 876
1110 876
1112 876
1114 876
1116 876
1118 876
1120 876
1122 876
1124 876
1126 876
1128 876
1130 876
1132 876
1134 876
1136 876
1138 876
1140 876
1142 876
1144 876
1146 876
1148 876
1150 876
1152 876
1154 876
1156 876
1158 876
1160 876
1162 876
1164 876
1166 876
1168 876
1170 876
1172 876
1174 876
1176 876
1178 876
1180 876
1182 876
1184 876
1186 876
1188 876
1190 876
1192 876
1194 876
1196 876
1198 876
1200 876
1202 876
1204 876
1206 876
1208 876
1210 876
1212 876
1214 876
1216 876
1218 876
1220 876
1222 876
1224 876
1226 876
1228 876
1230 876
1232 876
1234 876
1236 876
1238 876
1240 876
1242 876
1244 876
1246 876
1248 876
1250 876
1252 876
1254 876
1256 876
1258 876
1260 876
1262 876
1264 876
1266 876
1268 876
1270 876
1272 876
1274 876
1276 876
1278 876
1280 876
1282 876
1284 876
1286 876
1288 876
1290 876
1292 876
1294 876
1296 876
1298 876
1300 876
1302 876
1304 876
1306 876
1308 876
1310 876
1312 876
1314 876
1316 876
1318 876
1320 876
1322 876
1324 876
1326 876
1328 876
1330 876
1332 876
1334 876
1336 876
1338 876
1340 876
1342 876
1344 876
1346 876
1348 876
1350 876
1352 876
1354 876
1356 876
1358 876
1360 876
1362 876
1364 876
1366 876
1368 876
1370 876
1372 876
1374 876
1376 876
1378 876
1380 876
1382 876
1384 876
1386 876
1388 876
1390 876
1392 876
1394 876
1396 876
1398 876
1400 876
1402 876
1404 876
1406 876
1408 876
1410 876
1412 876
1414 876
1416 876
1418 876
1420 876
1422 876
1424 876
1426 876
1428 876
1430 876
1432 876
1434 876
1436 876
1438 876
1440 876
1442 876
1444 876
1446 876
1448 876
1450 876
1452 876
1454 876
1456 876
1458 876
1460 876
1462 876
1464 876
1466 876
1468 876
1470 876
1472 876
1474 876
1476 876
1478 876
1480 876
1482 876
1484 876
1486 876
1488 876
1490 876
1492 876
1494 876
1496 876
1498 876
1500 876
1502 876
1504 876
1506 876
1508 876
1510 876
1512 876
1514 876
1516 876
1518 876
1520 876
1522 876
1524 876
1526 876
1528 876
1530 876
1532 876
1534 876
1536 876
1538 876
1540 876
1542 876
1544 876
1546 876
1548 876
1550 876
1552 876
1554 876
1556 876
1558 876
1560 876
1562 876
1564 876
1566 876
1568 876
1570 876
1572 876
1574 876
1576 876
1578 876
1580 876
1582 876
1584 876
1586 876
1588 876
1590 876
1592 876
1594 876
1596 876
1598 876
1600 876
1602 876
1604 876
1606 876
1608 876
1610 876
1612 876
1614 876
1616 876
1618 876
1620 876
1622 876
1624 876
1626 876
1626 874
1626 872
1626 870
1626 868
1626 866
1626 864
1626 862
1626 860
1626 858
1626 856
1626 854
1626 852
1626 850
1626 848
1626 846
1626 844
1626 842
1626 840
1626 838
1626 836
1626 834
1626 832
1626 830
1626 828
1626 826
1626 824
1626 822
1626 820
1626 818
1626 816
1626 814
1626 812
1626 810
1626 808
1626 806
1626 804
1626 802
1626 800
1626 798
1626 796
1626 794
1626 792
1626 790
1626 788
1626 786
1626 784
1626 782
1626 780
1626 778
1626 776
1626 774
1626 772
1626 770
1626 768
1626 766
1626 764
1626 762
1626 760
1626 758
1626 756
1626 754
1626 752
1626 750
1626 748
1626 746
1626 744
1626 742
1626 740
1626 738
1626 736
1626 734
1626 732
1626 730
1626 728
1626 726
1626 724
1626 722
1626 720
1626 718
1626 716
1626 714
1626 712
1626 710
1626 708
1626 706
1626 704
1626 702
1626 700
1626 698
1626 696
1626 694
1626 692
1626 690
1626 688
1626 686
1626 684
1626 682
1626 680
1626 678
1626 676
1626 674
1626 672
1626 670
1626 668
1626 666
1626 664
1626 662
1626 660
1626 658
1626 656
1626 654
1626 652
1626 650
1626 648
1626 646
1626 644
1626 642
1626 640
1626 638
1626 636
1626 634
1626 632
1626 630
1626 628
1626 626
1626 624
1626 622
1626 620
1626 618
1626 616
1626 614
1626 612
1626 610
1626 608
1626 606
1626 604
1626 602
1626 600
1626 598
1626 596
1626 594
1626 592
1626 590
1626 588
1626 586
1626 584
1626 582
1626 580
1626 578
1626 576
1626 574
1626 572
1626 570
1626 568
1626 566
1626 564
1626 562
1626 560
1626 558
1626 556
1626 554
1626 552
1626 550
1626 548
1626 546
1626 544
1626 542
1626 540
1626 538
1626 536
1626 534
1626 532
1626 530
1626 528
1626 526
1626 524
1626 522
1626 520
1626 518
1626 516
1626 514
1626 512
1626 510
1626 508
1626 506
1626 504
1626 502
1626 500
1626 498
1626 496
1626 494
1626 492
1626 490
1626 488
1626 486
1626 484
1626 482
1626 480
1626 478
1626 476
1626 474
1626 472
1626 470
1626 468
1626 466
1626 464
1626 462
1626 460
1626 458
1626 456
1626 454
1626 452
1626 450
1626 448
1626 446
1626 444
1626 442
1626 440
1626 438
1626 436
1626 434
1626 432
1626 430
1626 428
1626 426
1626 424
1626 422
1626 420
1626 418
1626 416
1626 414
1626 412
1626 410
1626 408
1626 406
1626 404
1626 402
1626 400
1626 398
1626 396
1626 394
1626 392
1626 390
1626 388
1626 386
1626 384
1626 382
1626 380
1626 378
1626 376
1626 374
1626 372
1626 370
1626 368
1626 366
1626 364
1626 362
1626 360
1626 358
1626 356
1626 354
1626 352
1626 350
1626 348
1626 346
1626 344
1626 342
1626 340
1626 338
1626 336
1626 334
1626 332
1626 330
1626 328
1626 326
1626 324
1626 322
1626 320
1626 318
1626 316
1626 314
1626 312
1626 310
1626 308
1626 306
1626 304
1626 302
1626 300
1626 298
1626 296
1626 294
1626 292
1626 290
1626 288
1626 286
1626 284
1626 282
1626 280
1626 278
1626 276
1626 274
1626 272
1626 270
1626 268
1626 266
1626 264
1626 262
1626 260
1626 258
1626 256
1626 254
1626 252
1626 250
1626 248
1626 246
1626 244
1626 242
1626 240
1626 238
1626 236
1626 234
1626 232
1626 230
1626 228
1626 226
1626 224
1626 222
1626 220
1626 218
1626 216
1626 214
1626 212
1626 210
1626 208
1626 206
1626 204
1626 202
1626 200
1626 198
1626 196
1626 194
1626 192
1626 190
1626 188
1626 186
1626 184
1626 182
1626 180
1626 178
1626 176
1626 174
1626 172
1626 170
1626 168
1626 166
1626 164
1626 162
1626 160
1626 158
1626 156
1626 154
1626 152
1626 150
1626 148
1626 146
1626 144
1626 142
1626 140
1626 138
1626 136
1626 134
1626 132
1626 130
1626 128
1626 126
1626 124
1626 122
1626 120
1626 118
1626 116
1626 114
1626 112
1626 110
1626 108
1626 106
1626 104
1626 102
1626 100
1626 98
1626 96
1626 94
1626 92
1626 90
1626 88
1626 86
1626 84
1626 82
1626 80
1626 78
1626 76
1626 74
1626 72
1626 70
1626 68
1626 66
1626 64
1626 62
1626 60
1626 58
1626 56
1626 54
1626 52
1626 50
1626 48
1626 46
1626 44
1626 42
1626 40
1626 38
1626 36
1626 34
1626 32
1626 30
1626 28
1626 26
1626 24
1626 22
1626 20
1626 18
1626 16
1626 14
1626 12
1626 10
1626 8
1626 6
1626 4
1626 2
1626 0
1624 0
1622 0
1620 0
1618 0
1616 0
1614 0
1612 0
1610 0
1608 0
1606 0
1604 0
1602 0
1600 0
1598 0
1596 0
1594 0
1592 0
1590 0
1588 0
1586 0
1584 0
1582 0
1580 0
1578 0
1576 0
1574 0
1572 0
1570 0
1568 0
1566 0
1564 0
1562 0
1560 0
1558 0
1556 0
1554 0
1552 0
1550 0
1548 0
1546 0
1544 0
1542 0
1540 0
1538 0
1536 0
1534 0
1532 0
1530 0
1528 0
1526 0
1524 0
1522 0
1520 0
1518 0
1516 0
1514 0
1512 0
1510 0
1508 0
1506 0
1504 0
1502 0
1500 0
1498 0
1496 0
1494 0
1492 0
1490 0
1488 0
1486 0
1484 0
1482 0
1480 0
1478 0
1476 0
1474 0
1472 0
1470 0
1468 0
1466 0
1464 0
1462 0
1460 0
1458 0
1456 0
1454 0
1452 0
1450 0
1448 0
1446 0
1444 0
1442 0
1440 0
1438 0
1436 0
1434 0
1432 0
1430 0
1428 0
1426 0
1424 0
1422 0
1420 0
1418 0
1416 0
1414 0
1412 0
1410 0
1408 0
1406 0
1404 0
1402 0
1400 0
1398 0
1396 0
1394 0
1392 0
1390 0
1388 0
1386 0
1384 0
1382 0
1380 0
1378 0
1376 0
1374 0
1372 0
1370 0
1368 0
1366 0
1364 0
1362 0
1360 0
1358 0
1356 0
1354 0
1352 0
1350 0
1348 0
1346 0
1344 0
1342 0
1340 0
1338 0
1336 0
1334 0
1332 0
1330 0
1328 0
1326 0
1324 0
1322 0
1320 0
1318 0
1316 0
1314 0
1312 0
1310 0
1308 0
1306 0
1304 0
1302 0
1300 0
1298 0
1296 0
1294 0
1292 0
1290 0
1288 0
1286 0
1284 0
1282 0
1280 0
1278 0
1276 0
1274 0
1272 0
1270 0
1268 0
1266 0
1264 0
1262 0
1260 0
1258 0
1256 0
1254 0
1252 0
1250 0
1248 0
1246 0
1244 0
1242 0
1240 0
1238 0
1236 0
1234 0
1232 0
1230 0
1228 0
1226 0
1224 0
1222 0
1220 0
1218 0
1216 0
1214 0
1212 0
1210 0
1208 0
1206 0
1204 0
1202 0
1200 0
1198 0
1196 0
1194 0
1192 0
1190 0
1188 0
1186 0
1184 0
1182 0
1180 0
1178 0
1176 0
1174 0
1172 0
1170 0
1168 0
1166 0
1164 0
1162 0
1160 0
1158 0
1156 0
1154 0
1152 0
1150 0
1148 0
1146 0
1144 0
1142 0
1140 0
1138 0
1136 0
1134 0
1132 0
1130 0
1128 0
1126 0
1124 0
1122 0
1120 0
1118 0
1116 0
1114 0
1112 0
1110 0
1108 0
1106 0
1104 0
1102 0
1100 0
1098 0
1096 0
1094 0
1092 0
1090 0
1088 0
1086 0
1084 0
1082 0
1080 0
1078 0
1076 0
1074 0
1072 0
1070 0
1068 0
1066 0
1064 0
1062 0
1060 0
1058 0
1056 0
1054 0
1052 0
1050 0
1048 0
1046 0
1044 0
1042 0
1040 0
1038 0
1036 0
1034 0
1032 0
1030 0
1028 0
1026 0
1024 0
1022 0
1020 0
1018 0
1016 0
1014 0
1012 0
1010 0
1008 0
1006 0
1004 0
1002 0
1000 0
998 0
996 0
994 0
992 0
990 0
988 0
986 0
984 0
982 0
980 0
978 0
976 0
974 0
972 0
970 0
968 0
966 0
964 0
962 0
960 0
958 0
956 0
954 0
952 0
950 0
948 0
946 0
944 0
942 0
940 0
938 0
936 0
934 0
932 0
930 0
928 0
926 0
924 0
922 0
920 0
918 0
916 0
914 0
912 0
910 0
908 0
906 0
904 0
902 0
900 0
898 0
896 0
894 0
892 0
890 0
888 0
886 0
884 0
882 0
880 0
878 0
876 0
874 0
872 0
870 0
868 0
866 0
864 0
862 0
860 0
858 0
856 0
854 0
852 0
850 0
848 0
846 0
844 0
842 0
840 0
838 0
836 0
834 0
832 0
830 0
828 0
826 0
824 0
822 0
820 0
818 0
816 0
814 0
812 0
810 0
808 0
806 0
804 0
802 0
800 0
798 0
796 0
794 0
792 0
790 0
788 0
786 0
784 0
782 0
780 0
778 0
776 0
774 0
772 0
770 0
768 0
766 0
764 0
762 0
760 0
758 0
756 0
754 0
752 0
750 0
748 0
746 0
744 0
742 0
740 0
738 0
736 0
734 0
732 0
730 0
728 0
726 0
724 0
722 0
720 0
718 0
716 0
714 0
712 0
710 0
708 0
706 0
704 0
702 0
700 0
698 0
696 0
694 0
692 0
690 0
688 0
686 0
684 0
682 0
680 0
678 0
676 0
674 0
672 0
670 0
668 0
666 0
664 0
662 0
660 0
658 0
656 0
654 0
652 0
650 0
648 0
646 0
644 0
642 0
640 0
638 0
636 0
634 0
632 0
630 0
628 0
626 0
624 0
622 0
620 0
618 0
616 0
614 0
612 0
610 0
608 0
606 0
604 0
602 0
600 0
598 0
596 0
594 0
592 0
590 0
588 0
586 0
584 0
582 0
580 0
578 0
576 0
574 0
572 0
570 0
568 0
566 0
564 0
562 0
560 0
558 0
556 0
554 0
552 0
550 0
548 0
546 0
544 0
542 0
540 0
538 0
536 0
534 0
532 0
530 0
528 0
526 0
524 0
522 0
520 0
518 0
516 0
514 0
512 0
510 0
508 0
506 0
504 0
502 0
500 0
498 0
496 0
494 0
492 0
490 0
488 0
486 0
484 0
482 0
480 0
478 0
476 0
474 0
472 0
470 0
468 0
466 0
464 0
462 0
460 0
458 0
456 0
454 0
452 0
450 0
448 0
446 0
444 0
442 0
440 0
438 0
436 0
434 0
432 0
430 0
428 0
426 0
424 0
422 0
420 0
418 0
416 0
414 0
412 0
410 0
408 0
406 0
404 0
402 0
400 0
398 0
396 0
394 0
392 0
390 0
388 0
386 0
384 0
382 0
380 0
378 0
376 0
374 0
372 0
370 0
368 0
366 0
364 0
362 0
360 0
358 0
356 0
354 0
352 0
350 0
348 0
346 0
344 0
342 0
340 0
338 0
336 0
334 0
332 0
330 0
328 0
326 0
324 0
322 0
320 0
318 0
316 0
314 0
312 0
310 0
308 0
306 0
304 0
302 0
300 0
298 0
296 0
294 0
292 0
290 0
288 0
286 0
284 0
282 0
280 0
278 0
276 0
274 0
272 0
270 0
268 0
266 0
264 0
262 0
260 0
258 0
256 0
254 0
252 0
250 0
248 0
246 0
244 0
242 0
240 0
238 0
236 0
234 0
232 0
230 0
228 0
226 0
224 0
222 0
220 0
218 0
216 0
214 0
212 0
210 0
208 0
206 0
204 0
202 0
200 0
198 0
196 0
194 0
192 0
190 0
188 0
186 0
184 0
182 0
180 0
178 0
176 0
174 0
172 0
170 0
168 0
166 0
164 0
162 0
160 0
158 0
156 0
154 0
152 0
150 0
148 0
146 0
144 0
142 0
140 0
138 0
136 0
134 0
132 0
130 0
128 0
126 0
124 0
122 0
120 0
118 0
116 0
114 0
112 0
110 0
108 0
106 0
104 0
102 0
100 0
98 0
96 0
94 0
92 0
90 0
88 0
86 0
84 0
82 0
80 0
78 0
76 0
74 0
72 0
70 0
68 0
66 0
64 0
62 0
60 0
58 0
56 0
54 0
52 0
50 0
48 0
46 0
44 0
42 0
40 0
38 0
36 0
34 0
32 0
30 0
28 0
26 0
24 0
22 0
20 0
18 0
16 0
14 0
12 0
10 0
8 0
6 0
4 0
2 0
