268
204 616
206 614
208 614
210 614
212 614
214 614
216 614
218 614
220 614
222 614
224 614
226 614
228 614
230 614
232 614
234 614
236 614
238 614
240 614
242 614
244 616
246 616
248 616
250 616
252 618
254 618
256 618
258 620
260 620
262 622
264 622
266 624
268 624
270 626
272 626
274 628
276 628
278 630
280 632
282 634
284 634
286 636
288 638
290 640
292 642
294 644
296 646
298 648
298 650
300 652
302 654
302 656
304 658
306 660
306 662
308 664
310 666
310 668
312 670
312 672
312 674
314 676
314 678
316 680
316 682
316 684
318 686
318 688
318 690
318 692
320 694
320 696
320 698
320 700
320 702
322 704
322 706
322 708
322 710
322 712
322 714
322 716
322 718
322 720
320 722
318 722
316 722
314 722
312 722
310 722
308 722
306 722
304 722
302 722
300 722
298 722
296 722
294 722
292 722
290 722
288 722
286 722
284 722
282 722
280 722
278 722
276 722
274 722
272 722
270 722
268 722
266 720
266 718
266 716
266 714
266 712
266 710
264 708
264 706
264 704
264 702
262 700
262 698
260 696
260 694
258 692
258 690
256 688
254 686
254 684
252 682
250 680
248 678
246 678
244 676
242 674
240 674
238 672
236 672
234 670
232 670
230 670
228 670
226 670
224 670
222 670
220 670
218 670
216 670
214 672
212 672
210 672
208 674
206 674
204 676
202 678
200 678
198 680
196 682
194 684
194 686
192 688
190 690
190 692
188 694
188 696
186 698
186 700
184 702
184 704
184 706
184 708
184 710
182 712
182 714
182 716
182 718
182 720
180 722
178 722
176 722
174 722
172 722
170 722
168 722
166 722
164 722
162 722
160 722
158 722
156 722
154 722
152 722
150 722
148 722
146 722
144 722
142 722
140 722
138 722
136 722
134 722
132 722
130 722
128 722
126 720
126 718
126 716
126 714
126 712
126 710
126 708
126 706
128 704
128 702
128 700
128 698
128 696
128 694
130 692
130 690
130 688
130 686
132 684
132 682
132 680
134 678
134 676
136 674
136 672
136 670
138 668
138 666
140 664
142 662
142 660
144 658
144 656
146 654
148 652
150 650
152 648
152 646
154 644
156 642
158 640
160 638
162 636
164 634
166 634
168 632
170 630
172 630
174 628
176 626
178 626
180 624
182 624
184 622
186 622
188 620
190 620
192 618
194 618
196 618
198 616
200 616
202 616
