913
286 224
284 226
282 226
280 226
278 226
276 228
274 228
272 230
270 230
268 230
266 232
264 232
262 234
260 234
258 236
256 236
254 238
252 238
250 240
248 240
246 242
244 242
242 244
240 244
238 246
236 248
234 248
232 248
230 250
228 250
226 252
224 252
222 252
220 254
218 254
216 254
214 256
212 256
210 256
208 256
206 258
204 258
202 258
200 260
198 260
196 260
194 262
192 262
190 264
188 266
186 266
184 268
182 270
180 272
178 274
176 276
174 278
172 280
172 282
170 284
168 286
166 288
166 290
164 292
162 294
162 296
160 298
158 300
158 302
156 304
156 306
154 308
152 310
152 312
150 314
150 316
148 318
148 320
146 322
146 324
144 326
142 328
142 330
140 332
140 334
138 336
138 338
136 340
136 342
134 344
134 346
132 348
132 350
130 352
130 354
128 356
128 358
126 360
126 362
124 364
124 366
122 368
122 370
120 372
120 374
118 376
118 378
116 380
116 382
114 384
114 386
112 388
112 390
110 392
110 394
108 396
108 398
106 400
106 402
104 404
104 406
102 408
102 410
100 412
100 414
98 416
98 418
96 420
96 422
94 424
94 426
94 428
92 430
92 432
90 434
90 436
88 438
88 440
86 442
86 444
84 446
84 448
82 450
82 452
80 454
80 456
78 458
78 460
78 462
76 464
76 466
74 468
74 470
72 472
72 474
70 476
70 478
68 480
68 482
66 484
66 486
64 488
64 490
64 492
62 494
62 496
60 498
60 500
58 502
58 504
56 506
56 508
54 510
54 512
52 514
52 516
50 518
52 520
52 522
52 524
52 526
50 528
48 530
50 528
52 528
54 526
56 524
58 524
60 522
62 520
64 520
66 518
68 516
70 514
72 514
74 512
76 510
78 508
80 506
82 506
84 504
86 502
88 500
90 500
92 498
94 496
96 494
98 494
100 492
102 490
104 488
106 486
108 486
110 484
112 482
114 480
116 478
118 478
120 476
122 474
124 472
126 472
128 470
130 468
132 466
134 464
136 464
138 462
140 460
142 458
144 456
146 456
148 454
150 452
152 450
154 450
156 448
158 446
160 444
162 442
164 442
166 440
168 438
170 436
172 434
174 434
176 432
178 430
180 428
182 426
184 426
186 424
188 422
190 420
192 420
194 418
196 416
198 414
200 412
202 412
204 410
206 408
208 406
210 406
212 404
214 402
216 400
218 398
220 398
222 396
224 394
226 392
228 392
230 390
232 388
234 386
236 386
238 384
240 382
242 380
244 380
246 378
248 376
250 374
252 374
254 372
256 370
258 370
260 368
262 366
264 364
266 364
268 362
270 360
272 360
274 358
276 358
278 356
280 356
282 354
284 354
286 354
288 356
290 358
290 360
290 362
290 364
288 366
286 368
286 370
284 372
282 374
280 376
278 378
276 380
274 382
272 384
270 386
268 388
266 390
264 392
262 394
260 396
258 398
256 400
254 402
252 404
250 406
248 408
246 410
244 412
242 414
240 416
238 418
236 420
234 422
232 424
230 426
228 428
226 430
224 432
222 434
220 436
218 438
216 440
214 442
212 444
210 446
208 448
206 450
204 452
202 454
200 456
198 458
196 460
194 462
192 464
190 466
188 468
186 470
184 472
182 474
180 476
178 478
178 480
176 482
174 484
172 486
170 488
168 490
166 492
164 494
162 496
160 498
158 500
156 502
156 504
154 506
152 508
150 510
148 512
146 514
146 516
144 518
142 520
140 522
138 524
138 526
136 528
134 530
134 532
132 534
132 536
130 538
130 540
132 540
134 540
136 540
138 540
140 540
142 538
144 538
146 538
148 538
150 538
152 536
154 536
156 536
158 534
160 534
162 534
164 532
166 532
168 532
170 530
172 530
174 530
176 530
178 528
180 528
182 526
184 526
186 526
188 524
190 524
192 524
194 522
196 522
198 520
200 520
202 520
204 518
206 518
208 518
210 516
212 516
214 514
216 514
218 514
220 512
222 512
224 510
226 510
228 510
230 508
232 508
234 506
236 506
238 506
240 504
242 504
244 502
246 502
248 502
250 500
252 500
254 498
256 498
258 498
260 496
262 496
264 494
266 494
268 494
270 492
272 492
274 490
276 490
278 488
280 488
282 488
284 486
286 486
288 484
290 484
292 482
294 482
296 482
298 480
300 480
302 478
304 478
306 478
308 476
310 476
312 474
314 474
316 474
318 472
320 472
322 470
324 470
326 468
328 468
330 468
332 466
334 466
336 464
338 464
340 464
342 462
344 462
346 460
348 460
350 458
352 458
354 458
356 456
358 456
360 454
362 454
364 454
366 452
368 452
370 450
372 450
374 450
376 448
378 448
380 446
382 446
384 446
386 444
388 444
390 442
392 442
394 442
396 440
398 440
400 440
402 438
404 438
406 438
408 436
410 436
412 436
414 434
416 434
418 434
420 432
422 432
424 432
426 430
428 430
430 430
432 430
434 430
436 428
438 428
440 428
442 428
444 428
446 428
448 428
450 428
452 430
454 432
456 434
456 436
456 438
456 440
454 442
454 444
452 446
452 448
450 450
448 452
446 454
444 456
444 458
442 460
440 462
438 464
438 466
436 468
434 470
434 472
432 474
432 476
432 478
432 480
434 482
436 484
438 486
440 488
442 488
444 490
446 492
448 494
450 494
452 496
454 498
456 498
458 500
460 502
462 502
464 504
466 506
468 506
470 508
472 510
474 510
476 512
478 512
480 514
482 516
484 516
486 518
488 518
490 520
492 520
494 522
496 522
498 524
500 524
502 526
504 526
506 528
508 528
510 528
512 530
514 530
516 530
518 532
520 532
522 532
524 532
526 532
528 532
530 534
532 534
534 532
536 532
538 532
540 530
542 530
544 528
546 526
546 524
548 522
550 520
550 518
552 516
552 514
554 512
554 510
556 508
556 506
556 504
558 502
558 500
558 498
560 496
560 494
560 492
562 490
562 488
562 486
562 484
564 482
564 480
564 478
564 476
564 474
566 472
566 470
566 468
566 466
568 464
568 462
568 460
568 458
568 456
570 454
570 452
570 450
570 448
570 446
572 444
572 442
572 440
572 438
572 436
572 434
574 432
574 430
574 428
574 426
576 424
576 422
576 420
576 418
576 416
578 414
578 412
578 410
578 408
580 406
580 404
580 402
580 400
582 398
582 396
582 394
584 392
584 390
584 388
586 386
586 384
586 382
586 380
588 378
588 376
588 374
590 372
590 370
590 368
592 366
592 364
592 362
592 360
594 358
594 356
594 354
594 352
594 350
596 348
596 346
596 344
596 342
596 340
596 338
596 336
594 334
592 332
590 330
588 328
586 328
584 328
582 326
580 326
578 326
576 324
574 322
572 320
572 318
574 316
576 314
576 312
574 310
574 308
576 306
578 304
580 304
582 304
584 304
586 302
588 302
586 300
586 298
584 296
582 294
582 292
580 290
578 288
576 290
576 292
574 294
572 296
570 296
568 298
566 298
564 298
562 298
560 296
558 296
556 294
554 292
552 290
552 288
550 286
548 284
546 282
544 280
542 278
542 276
540 274
538 272
536 272
534 270
532 268
530 266
528 266
526 264
524 264
522 264
520 264
518 262
516 262
514 264
512 264
510 264
508 264
506 264
504 266
502 266
500 266
498 266
496 268
494 268
492 270
490 270
488 270
486 272
484 272
482 272
480 274
478 274
476 276
474 276
472 278
470 278
468 278
466 280
464 280
462 280
460 282
458 282
456 282
454 284
452 284
450 284
448 286
446 286
444 286
442 286
440 288
438 288
436 288
434 288
432 288
430 290
428 290
426 290
424 290
422 290
420 290
418 290
416 290
414 290
412 288
410 288
408 288
406 288
404 286
402 286
400 286
398 284
396 284
394 282
392 282
390 280
388 280
386 278
384 278
382 276
380 274
378 274
376 272
374 270
372 270
370 268
368 266
366 264
364 264
362 262
360 260
358 258
356 256
354 256
352 254
350 252
348 250
346 250
344 248
342 246
340 244
338 242
336 242
334 240
332 238
330 238
328 236
326 234
324 234
322 232
320 230
318 230
316 228
314 228
312 228
310 226
308 226
306 226
304 224
302 224
300 224
298 224
296 224
294 224
292 224
290 224
288 224
