89
940 174
942 172
944 172
946 172
948 172
950 172
952 172
954 172
956 172
958 172
960 172
962 172
964 174
966 174
968 176
970 176
972 178
974 180
976 182
978 184
980 186
980 188
982 190
982 192
982 194
984 196
984 198
984 200
984 202
984 204
984 206
984 208
984 210
982 212
982 214
982 216
980 218
978 220
978 222
976 224
974 226
972 228
970 228
968 230
966 232
964 232
962 232
960 234
958 234
956 234
954 234
952 234
950 234
948 234
946 234
944 232
942 232
940 232
938 230
936 230
934 228
932 226
930 224
928 222
926 220
926 218
924 216
924 214
922 212
922 210
922 208
922 206
922 204
922 202
922 200
922 198
922 196
922 194
922 192
924 190
924 188
926 186
928 184
928 182
930 180
932 178
934 178
936 176
938 174
