504
52 86
54 84
56 84
58 84
60 84
62 84
64 84
66 84
68 84
70 84
72 84
74 84
76 84
78 84
80 84
82 84
84 84
86 84
88 84
90 84
92 84
94 86
96 86
98 86
100 86
102 86
104 86
106 86
108 86
110 86
112 86
114 86
116 86
118 86
120 86
122 86
124 86
126 86
128 86
130 88
132 88
134 88
136 88
138 88
140 88
142 88
144 88
146 88
148 88
150 88
152 88
154 88
156 88
158 88
160 88
162 88
164 88
166 88
168 88
170 90
172 90
174 90
176 90
178 90
180 90
182 90
184 90
186 90
188 90
190 90
192 90
194 90
196 90
198 90
200 90
202 90
204 90
206 90
208 92
210 92
212 92
214 92
216 92
218 92
220 92
222 92
224 92
226 92
228 92
230 92
232 92
234 92
236 92
238 92
240 92
242 92
244 92
246 94
248 94
250 94
252 94
254 94
256 94
258 94
260 94
262 94
264 94
266 94
268 94
270 94
272 94
274 94
276 94
278 94
280 94
282 94
284 96
286 96
288 96
290 96
292 96
294 96
296 96
298 96
300 96
302 96
304 96
306 96
308 96
310 96
312 96
314 96
316 96
318 96
320 96
322 98
324 98
326 98
328 98
330 98
332 98
334 98
336 98
338 98
340 98
342 98
344 98
346 98
348 98
350 98
352 98
354 98
356 98
358 98
360 100
362 100
364 100
366 100
368 100
370 100
372 100
374 100
376 100
378 100
380 100
382 100
384 100
386 100
388 100
390 100
392 100
394 100
396 100
398 102
400 102
402 102
404 102
406 102
408 102
410 102
412 102
414 102
416 102
418 102
420 102
422 102
424 102
426 102
428 102
430 102
432 102
434 102
436 104
438 104
440 104
442 104
444 104
446 104
448 104
450 104
452 104
454 104
456 104
458 104
460 104
462 104
464 104
466 104
468 104
470 104
472 104
474 106
476 106
478 106
480 106
482 106
484 106
486 106
488 106
490 106
492 106
494 106
496 106
498 106
500 106
502 106
504 106
506 106
508 106
510 106
512 108
514 108
516 108
518 108
520 108
522 108
524 108
526 108
528 108
530 108
532 108
534 108
536 108
538 110
538 112
538 114
538 116
536 118
534 118
532 118
530 118
528 118
526 118
524 118
522 118
520 118
518 118
516 118
514 118
512 118
510 118
508 118
506 118
504 118
502 118
500 118
498 118
496 118
494 118
492 118
490 118
488 118
486 118
484 118
482 118
480 118
478 118
476 118
474 118
472 118
470 118
468 118
466 118
464 118
462 118
460 118
458 118
456 118
454 118
452 118
450 118
448 118
446 118
444 118
442 118
440 118
438 118
436 118
434 118
432 118
430 118
428 118
426 118
424 118
422 118
420 118
418 118
416 118
414 118
412 118
410 118
408 118
406 118
404 118
402 118
400 118
398 118
396 118
394 118
392 118
390 118
388 118
386 118
384 118
382 118
380 118
378 118
376 118
374 118
372 118
370 118
368 118
366 118
364 118
362 118
360 118
358 118
356 118
354 118
352 118
350 118
348 118
346 118
344 118
342 118
340 118
338 118
336 118
334 118
332 118
330 118
328 118
326 118
324 118
322 118
320 118
318 118
316 118
314 118
312 118
310 118
308 118
306 118
304 118
302 118
300 118
298 118
296 118
294 118
292 118
290 118
288 118
286 118
284 118
282 118
280 118
278 118
276 118
274 118
272 118
270 118
268 118
266 118
264 118
262 118
260 118
258 118
256 118
254 118
252 118
250 118
248 118
246 118
244 118
242 118
240 118
238 118
236 118
234 118
232 118
230 118
228 118
226 118
224 118
222 118
220 118
218 118
216 118
214 118
212 118
210 118
208 118
206 118
204 118
202 118
200 118
198 118
196 118
194 118
192 118
190 118
188 118
186 118
184 118
182 118
180 118
178 118
176 118
174 118
172 118
170 118
168 118
166 118
164 118
162 118
160 118
158 118
156 118
154 118
152 118
150 118
148 118
146 118
144 118
142 118
140 118
138 118
136 118
134 118
132 118
130 118
128 118
126 118
124 118
122 118
120 118
118 118
116 118
114 118
112 118
110 118
108 118
106 118
104 118
102 118
100 118
98 118
96 118
94 118
92 118
90 118
88 118
86 118
84 118
82 118
80 118
78 118
76 118
74 118
72 118
70 118
68 118
66 118
64 118
62 118
60 118
58 118
56 118
54 118
52 116
52 114
52 112
52 110
52 108
52 106
52 104
52 102
52 100
52 98
52 96
52 94
52 92
52 90
52 88
