269
62 94
62 96
62 98
62 100
62 102
62 104
62 106
62 108
64 108
66 108
68 108
70 108
72 108
74 108
76 108
78 108
80 108
82 108
84 108
86 108
88 108
90 108
92 108
94 108
96 108
98 108
100 108
102 108
104 108
106 108
108 108
110 108
112 108
114 108
116 108
118 108
120 108
122 108
124 108
126 108
128 108
130 108
132 108
134 108
136 108
138 108
140 108
142 108
144 108
146 108
148 108
150 108
152 108
154 108
156 108
158 108
160 108
162 108
164 108
166 108
168 108
170 108
172 108
174 108
176 108
178 108
180 108
182 108
184 108
186 108
188 108
190 108
192 108
194 108
196 108
198 108
200 108
202 108
204 108
206 108
208 108
210 108
212 108
214 108
216 108
218 108
220 108
222 108
224 108
226 108
228 108
230 108
232 108
234 108
236 108
238 108
240 108
242 108
244 108
246 108
248 108
250 108
252 108
254 108
256 108
258 108
260 108
262 108
264 108
266 108
268 108
270 108
272 108
274 108
276 108
278 108
280 108
282 108
284 108
286 108
288 108
290 108
292 108
294 108
296 108
298 108
300 108
302 108
304 108
306 108
308 108
310 108
312 108
314 108
316 108
318 108
320 108
322 108
324 108
326 108
328 108
330 108
332 108
334 108
336 108
338 108
340 108
342 108
344 108
342 108
340 108
338 108
336 108
334 108
332 108
330 108
328 108
326 108
324 108
322 108
260 104
258 104
256 104
254 104
252 104
250 104
248 104
246 104
244 104
242 104
240 104
238 104
236 104
234 104
232 104
230 102
228 102
226 102
224 102
222 102
220 102
218 102
216 102
214 102
212 102
210 102
208 102
206 102
204 102
202 102
200 102
198 102
196 102
194 102
192 100
190 100
188 100
186 100
184 100
182 100
180 100
178 100
176 100
174 100
172 100
170 100
168 100
166 100
164 100
162 100
160 100
158 100
156 100
154 98
152 98
150 98
148 98
146 98
144 98
142 98
140 98
138 98
136 98
134 98
132 98
130 98
128 98
126 98
124 98
122 98
120 98
118 98
116 96
114 96
112 96
110 96
108 96
106 96
104 96
102 96
100 96
98 96
96 96
94 96
92 96
90 96
88 96
86 96
84 96
82 96
80 96
78 94
76 94
74 94
72 94
70 94
68 94
66 94
64 94
