352
1278 70
1276 72
1276 74
1274 76
1272 78
1272 80
1270 82
1268 84
1266 86
1266 88
1264 90
1262 92
1262 94
1260 96
1258 96
1256 96
1254 94
1252 94
1250 92
1248 92
1246 90
1244 90
1242 88
1240 88
1238 86
1236 86
1234 86
1232 84
1230 84
1228 82
1228 84
1228 86
1228 88
1228 90
1226 92
1226 94
1226 96
1226 98
1226 100
1226 102
1226 104
1226 106
1226 108
1226 110
1226 112
1224 114
1222 116
1220 116
1218 116
1216 116
1214 116
1212 118
1190 120
1192 122
1192 124
1194 126
1194 128
1196 130
1196 132
1198 134
1198 136
1200 138
1200 140
1202 142
1202 144
1204 146
1204 148
1204 150
1202 152
1200 154
1198 154
1196 156
1194 158
1192 160
1190 160
1188 162
1186 164
1184 164
1182 166
1180 168
1178 170
1180 172
1182 172
1184 174
1186 176
1188 178
1190 178
1192 180
1194 182
1196 182
1198 184
1200 186
1202 188
1204 190
1204 192
1202 194
1202 196
1200 198
1200 200
1198 202
1198 204
1198 206
1196 208
1196 210
1194 212
1194 214
1192 216
1192 218
1190 220
1192 220
1194 220
1196 220
1198 220
1200 220
1202 222
1204 222
1206 222
1208 222
1210 222
1212 222
1214 222
1216 222
1218 222
1220 222
1222 222
1224 224
1224 226
1226 228
1226 230
1226 232
1226 234
1226 236
1226 238
1226 240
1226 242
1226 244
1226 246
1226 248
1228 250
1228 252
1228 254
1228 256
1230 256
1232 254
1234 254
1236 254
1238 252
1240 252
1242 250
1244 250
1246 248
1248 248
1250 246
1252 246
1254 244
1256 244
1258 244
1260 244
1262 246
1264 248
1264 250
1266 252
1268 254
1268 256
1270 258
1272 260
1274 262
1274 264
1276 266
1278 268
1278 270
1280 270
1280 268
1282 266
1284 264
1284 262
1286 260
1288 258
1288 256
1290 254
1292 252
1294 250
1294 248
1296 246
1298 244
1300 244
1302 242
1304 244
1306 246
1308 246
1310 248
1312 248
1314 250
1316 250
1318 252
1320 252
1322 254
1324 254
1326 254
1328 256
1330 256
1330 254
1330 252
1330 250
1332 248
1332 246
1332 244
1332 242
1332 240
1332 238
1332 236
1332 234
1332 232
1332 230
1332 228
1334 226
1334 224
1336 222
1338 222
1340 222
1342 222
1344 222
1346 222
1348 222
1350 222
1352 222
1354 222
1356 222
1358 220
1360 220
1362 220
1364 220
1366 220
1368 220
1366 218
1366 216
1364 214
1364 212
1362 210
1362 208
1360 206
1360 204
1360 202
1358 200
1358 198
1356 196
1356 194
1354 192
1354 190
1356 188
1358 186
1360 184
1362 182
1364 182
1366 180
1368 178
1370 178
1372 176
1374 174
1376 174
1378 172
1380 170
1380 168
1378 168
1376 166
1374 164
1372 164
1370 162
1368 160
1366 158
1364 158
1362 156
1360 154
1358 154
1356 152
1354 150
1354 148
1354 146
1356 144
1356 142
1358 140
1358 138
1360 136
1360 134
1362 132
1362 130
1364 128
1364 126
1366 124
1366 122
1368 120
1366 118
1364 118
1362 118
1360 118
1358 118
1356 118
1354 118
1352 118
1350 118
1348 118
1346 118
1344 116
1342 116
1340 116
1338 116
1336 116
1334 114
1334 112
1332 110
1332 108
1332 106
1332 104
1332 102
1332 100
1332 98
1332 96
1332 94
1332 92
1332 90
1330 88
1330 86
1330 84
1330 82
1328 84
1326 84
1324 86
1322 86
1320 86
1318 88
1316 88
1314 90
1312 90
1310 92
1308 92
1306 94
1304 94
1302 96
1300 96
1298 94
1296 92
1294 90
1292 88
1292 86
1290 84
1288 82
1286 80
1286 78
1284 76
1282 74
1282 72
1280 70
