236
224 622
222 624
220 624
218 624
216 624
214 624
212 624
210 624
208 624
206 626
204 626
202 626
200 626
198 628
196 628
194 628
192 630
190 630
188 632
186 632
184 634
182 634
180 636
178 638
176 638
174 640
172 642
170 644
168 644
166 646
164 648
162 650
160 652
160 654
158 656
156 658
154 660
154 662
152 664
150 666
150 668
148 670
148 672
146 674
146 676
144 678
144 680
142 682
142 684
142 686
140 688
140 690
140 692
138 694
138 696
138 698
138 700
138 702
138 704
136 706
136 708
136 710
136 712
136 714
138 714
140 714
142 714
144 714
146 714
148 714
150 714
152 714
154 714
156 714
158 714
160 714
162 714
164 714
166 714
168 714
170 714
172 714
172 712
174 710
174 708
174 706
174 704
174 702
176 700
176 698
176 696
178 694
178 692
178 690
180 688
180 686
182 684
184 682
184 680
186 678
188 676
190 674
192 672
194 670
196 668
198 668
200 666
202 666
204 664
206 664
208 662
210 662
212 662
214 660
216 660
218 660
220 660
222 660
224 660
226 660
228 660
230 660
232 660
234 660
236 662
238 662
240 662
242 664
244 664
246 666
248 666
250 668
252 668
254 670
256 672
258 674
260 676
262 678
262 680
264 682
266 684
268 686
268 688
270 690
270 692
272 694
272 696
272 698
274 700
274 702
274 704
274 706
274 708
274 710
276 712
276 714
278 714
280 714
282 714
284 714
286 714
288 714
290 714
292 714
294 714
296 714
298 714
300 714
302 714
304 714
306 714
308 714
310 714
312 714
312 712
312 710
312 708
312 706
312 704
310 702
310 700
310 698
310 696
310 694
308 692
308 690
308 688
306 686
306 684
306 682
304 680
304 678
302 676
302 674
300 672
300 670
298 668
298 666
296 664
294 662
294 660
292 658
290 656
288 654
288 652
286 650
284 648
282 646
280 644
278 644
276 642
274 640
272 638
270 638
268 636
266 634
264 634
262 632
260 632
258 630
256 630
254 628
252 628
250 628
248 626
246 626
244 626
242 626
240 624
238 624
236 624
234 624
232 624
230 624
228 624
226 624
