265
604 42
604 44
604 46
604 48
604 50
604 52
604 54
604 56
604 58
604 60
604 62
604 64
604 66
604 68
604 70
604 72
604 74
604 76
604 78
604 80
604 82
604 84
604 86
604 88
604 90
604 92
604 94
604 96
604 98
604 100
604 102
604 104
604 106
604 108
604 110
604 112
604 114
604 116
604 118
604 120
604 122
604 124
604 126
604 128
604 130
604 132
604 134
604 136
604 138
604 140
604 142
604 144
604 146
604 148
604 150
604 152
604 154
604 156
604 158
604 160
604 162
604 164
604 166
604 168
604 170
604 172
604 174
604 176
604 178
604 180
604 182
604 184
604 186
604 188
606 188
608 188
610 188
612 188
614 188
616 188
618 188
620 188
622 188
624 188
626 188
628 188
630 188
632 188
634 188
636 188
638 188
640 188
642 188
644 188
646 188
648 188
650 188
652 188
654 188
656 188
658 188
660 188
662 188
664 188
666 188
668 188
670 188
672 188
674 188
676 188
678 188
680 188
682 188
684 188
686 188
688 188
690 188
692 188
694 188
696 188
698 188
700 188
702 188
704 188
706 188
708 188
710 188
712 188
714 188
716 188
718 188
720 188
722 188
724 188
726 188
728 188
730 188
732 188
734 188
736 188
738 188
740 188
742 188
744 188
746 188
748 188
750 188
752 188
754 188
756 188
758 188
760 188
762 188
764 188
766 188
768 188
770 188
772 188
774 188
776 188
778 188
780 188
782 188
784 188
786 188
788 188
790 188
792 188
794 188
796 188
794 186
792 186
790 184
788 182
786 180
784 180
782 178
780 176
778 174
776 174
774 172
772 170
770 168
768 168
766 166
764 164
762 162
760 160
758 160
756 158
754 156
752 154
750 154
748 152
746 150
744 148
742 148
740 146
738 144
736 142
734 140
732 140
730 138
728 136
726 134
724 134
722 132
720 130
718 128
716 128
714 126
712 124
710 122
708 122
706 120
704 118
702 116
700 114
698 114
696 112
694 110
692 108
690 108
688 106
686 104
684 102
682 102
680 100
678 98
676 96
674 94
672 94
670 92
668 90
666 88
664 88
662 86
660 84
658 82
656 82
654 80
652 78
650 76
648 74
646 74
644 72
642 70
640 68
638 68
636 66
634 64
632 62
630 62
628 60
626 58
624 56
622 56
620 54
618 52
616 50
614 48
612 48
610 46
608 44
606 42
