1457
1580 550
1582 548
1584 548
1586 548
1588 548
1590 548
1592 548
1594 550
1594 552
1592 554
1590 556
1588 556
1586 556
1584 558
1582 558
1580 558
1578 560
1576 560
1574 560
1572 562
1570 562
1568 562
1566 564
1564 564
1562 564
1560 566
1558 566
1556 566
1554 568
1552 568
1550 568
1548 570
1546 570
1544 570
1542 572
1540 572
1538 572
1536 574
1534 574
1532 574
1530 576
1528 576
1526 576
1524 578
1522 578
1520 578
1518 580
1516 580
1514 580
1512 582
1510 582
1508 582
1506 584
1504 584
1502 586
1500 586
1498 586
1496 588
1494 588
1492 588
1490 590
1488 590
1486 590
1484 592
1482 592
1480 592
1478 594
1476 594
1474 594
1472 596
1470 596
1468 596
1466 598
1464 598
1462 598
1460 600
1458 600
1456 600
1454 602
1452 602
1450 602
1448 604
1446 604
1444 604
1442 606
1440 606
1438 606
1436 608
1434 608
1432 608
1430 610
1428 610
1426 610
1424 612
1422 612
1420 612
1418 614
1416 614
1414 614
1412 616
1410 616
1408 616
1406 618
1404 618
1402 618
1400 620
1398 620
1396 620
1394 622
1392 622
1390 622
1388 624
1386 624
1384 624
1382 626
1380 626
1378 626
1376 628
1374 628
1372 630
1370 630
1368 630
1366 632
1364 632
1362 632
1360 634
1358 634
1356 634
1354 636
1352 636
1350 636
1348 638
1346 638
1344 638
1342 640
1340 640
1338 640
1336 642
1334 642
1332 642
1330 644
1328 644
1326 644
1324 646
1322 646
1320 646
1318 648
1316 648
1314 648
1312 650
1310 650
1308 650
1306 652
1304 652
1302 652
1300 654
1298 654
1296 654
1294 656
1292 656
1290 656
1288 658
1286 658
1284 658
1282 660
1280 660
1278 660
1276 662
1274 662
1272 662
1270 664
1268 664
1266 664
1264 666
1262 666
1260 666
1262 666
1264 666
1266 666
1268 668
1270 668
1272 668
1274 668
1276 668
1278 668
1280 668
1282 668
1284 670
1286 670
1288 670
1290 670
1292 670
1294 670
1296 670
1298 672
1300 672
1302 672
1304 672
1306 672
1308 672
1310 672
1312 672
1314 674
1316 674
1318 674
1320 674
1322 674
1324 674
1326 674
1328 674
1330 676
1332 676
1334 676
1336 676
1338 676
1340 676
1342 678
1342 680
1340 682
1338 682
1336 684
1334 684
1332 684
1330 684
1328 686
1326 686
1324 686
1322 686
1320 686
1318 688
1316 688
1314 688
1312 688
1310 690
1308 690
1306 690
1304 690
1302 692
1300 692
1298 692
1296 694
1294 694
1292 694
1290 694
1288 694
1286 696
1284 696
1282 696
1280 696
1278 698
1276 698
1274 698
1272 698
1270 700
1268 700
1266 700
1264 702
1262 702
1260 702
1258 702
1256 702
1254 704
1252 704
1250 704
1248 704
1246 706
1244 706
1242 706
1240 706
1238 708
1236 708
1234 708
1232 710
1230 710
1228 710
1226 710
1224 710
1222 712
1220 712
1218 712
1216 712
1214 714
1212 714
1210 714
1208 714
1206 716
1204 716
1202 716
1200 718
1198 718
1196 718
1194 718
1192 718
1190 720
1188 720
1186 720
1184 720
1182 722
1180 722
1178 722
1176 722
1174 724
1172 724
1170 724
1168 724
1166 726
1164 726
1162 726
1160 726
1158 728
1156 728
1154 728
1152 728
1150 730
1148 730
1146 730
1144 730
1142 732
1140 732
1138 732
1136 732
1134 734
1132 734
1130 734
1128 734
1126 736
1124 736
1122 736
1120 736
1118 738
1116 738
1114 738
1112 738
1110 740
1108 740
1106 740
1104 740
1102 742
1100 742
1098 742
1096 742
1094 744
1092 744
1090 744
1088 744
1086 746
1084 746
1082 746
1084 746
1086 746
1088 746
1090 746
1092 746
1094 746
1096 746
1098 746
1100 748
1102 748
1104 748
1106 748
1108 748
1110 748
1112 748
1114 748
1116 748
1118 750
1120 750
1122 750
1124 750
1126 750
1128 750
1130 750
1132 750
1134 750
1136 750
1138 752
1140 752
1142 752
1144 752
1146 752
1148 752
1150 752
1152 752
1154 752
1156 754
1156 756
1156 758
1154 760
1152 760
1150 760
1148 762
1146 762
1144 762
1142 764
1140 764
1138 766
1136 766
1134 766
1132 768
1130 768
1128 768
1126 770
1124 770
1122 772
1120 772
1118 772
1116 774
1114 774
1112 774
1110 776
1108 776
1106 776
1104 778
1102 778
1100 780
1098 780
1096 780
1094 782
1092 782
1090 782
1088 784
1086 784
1084 786
1082 786
1080 786
1078 788
1076 788
1074 788
1072 790
1070 790
1068 790
1066 792
1064 792
1062 794
1060 794
1058 794
1056 796
1054 796
1052 796
1050 798
1048 798
1046 798
1044 800
1042 800
1040 802
1038 802
1036 802
1034 804
1032 804
1030 804
1028 806
1026 806
1024 808
1022 808
1020 808
1018 810
1016 810
1014 810
1012 812
1010 812
1008 812
1006 814
1004 814
1002 816
1000 816
998 816
996 818
994 818
992 818
990 820
988 820
986 820
984 822
982 822
980 824
978 824
976 824
974 826
972 826
970 826
968 828
966 828
964 830
962 830
960 830
958 832
956 832
954 832
952 834
950 834
948 834
946 836
944 836
942 838
940 838
938 838
936 840
934 840
932 840
930 840
928 840
926 840
924 840
922 840
920 840
918 840
916 840
914 838
912 838
910 838
908 838
906 838
904 838
902 838
900 838
898 838
896 836
894 836
892 836
890 836
888 836
886 836
884 836
882 836
880 834
878 834
876 834
874 834
872 834
870 834
868 834
866 834
864 832
862 832
860 832
858 832
856 832
854 832
852 832
850 832
848 832
846 830
844 830
842 830
840 830
838 830
836 830
834 830
832 830
830 828
828 828
826 828
824 828
822 828
820 828
818 828
816 828
814 826
812 826
810 826
808 826
806 826
804 826
802 826
800 826
798 824
796 824
794 824
792 824
790 824
788 824
786 824
784 824
782 822
780 822
778 822
776 822
774 822
772 822
770 822
768 822
766 822
764 820
762 820
760 820
758 820
756 820
754 820
752 820
750 820
748 818
746 818
744 818
742 818
740 818
738 818
736 818
734 818
732 816
730 816
728 816
726 816
724 816
722 816
720 816
718 816
716 814
714 814
712 814
710 814
708 814
706 814
704 814
702 814
700 812
698 812
696 812
694 812
692 812
690 812
688 812
686 812
684 812
682 810
680 810
678 810
676 810
674 810
672 810
670 810
668 810
666 808
664 808
662 808
660 808
658 808
656 808
654 808
652 808
650 806
648 806
646 806
644 806
642 806
640 806
638 806
636 806
634 804
632 804
630 804
628 804
626 804
624 804
622 804
620 804
618 804
616 802
614 802
612 802
610 802
608 802
606 802
604 802
602 802
600 800
598 800
596 800
594 800
592 800
590 800
588 800
586 800
584 798
582 798
580 798
578 798
576 798
574 798
572 798
570 798
568 796
566 796
564 796
562 796
560 796
558 796
556 796
554 796
552 796
550 794
548 794
546 794
544 794
542 794
540 794
538 794
536 794
534 792
532 792
530 792
528 792
526 792
524 792
522 792
520 792
518 790
516 790
514 790
512 790
510 790
508 790
506 790
504 790
502 788
500 788
498 786
498 784
500 782
502 782
504 782
506 782
508 782
510 782
512 780
514 780
516 780
518 780
520 780
522 780
524 778
526 778
528 778
530 778
532 778
534 778
536 776
538 776
540 776
542 776
544 776
546 776
548 776
550 774
552 774
554 774
556 774
558 774
560 774
562 772
564 772
566 772
568 772
570 772
572 772
574 772
576 770
578 770
580 770
582 770
584 770
586 770
588 768
590 768
592 768
594 768
596 768
598 768
600 766
602 766
604 766
606 766
608 766
610 766
612 766
614 764
616 764
618 764
620 764
622 764
624 764
626 762
628 762
630 762
632 762
634 762
636 762
638 760
640 760
642 760
644 760
646 760
648 760
650 760
652 758
654 758
656 758
658 758
660 758
662 758
664 756
666 756
668 756
670 756
672 756
674 756
676 756
678 754
680 754
682 754
684 754
686 754
688 754
690 752
692 752
694 752
696 752
698 752
700 752
702 752
704 750
706 750
708 750
710 750
712 750
714 750
716 748
718 748
720 748
722 748
724 748
726 748
728 746
730 746
732 746
734 746
736 746
738 746
740 746
742 744
744 744
746 744
748 744
750 744
752 744
754 742
756 742
758 742
760 742
762 742
764 742
766 740
768 740
770 740
772 740
774 740
776 740
778 740
780 738
782 738
784 738
786 738
788 738
790 738
792 736
794 736
796 736
798 736
800 736
802 736
804 736
806 734
808 734
810 734
812 734
814 734
816 734
818 732
820 732
822 732
824 732
826 732
828 732
830 730
832 730
834 730
836 730
838 730
840 730
842 730
844 728
846 728
848 728
850 728
852 728
854 728
852 728
850 726
848 726
846 726
844 726
842 726
840 726
838 726
836 724
834 724
832 724
830 724
828 724
826 724
824 724
822 724
820 722
818 722
816 722
814 722
812 722
810 722
808 722
806 720
804 720
802 720
800 720
798 720
796 720
794 720
792 718
790 718
788 718
786 718
784 718
782 718
780 718
778 718
776 716
774 716
772 716
770 716
768 716
766 716
764 716
762 714
760 714
758 714
756 714
754 714
752 714
750 714
748 714
746 712
746 710
746 708
748 706
750 706
752 706
754 706
756 706
758 706
760 704
762 704
764 704
766 704
768 704
770 704
772 704
774 702
776 702
778 702
780 702
782 702
784 702
786 700
788 700
790 700
792 700
794 700
796 700
798 698
800 698
802 698
804 698
806 698
808 698
810 698
812 696
814 696
816 696
818 696
820 696
822 696
824 694
826 694
828 694
830 694
832 694
834 694
836 692
838 692
840 692
842 692
844 692
846 692
848 692
850 690
852 690
854 690
856 690
858 690
860 690
862 688
864 688
866 688
868 688
870 688
872 688
874 686
876 686
878 686
880 686
882 686
884 686
886 686
888 684
890 684
892 684
894 684
896 684
898 684
900 682
902 682
904 682
906 682
908 682
910 682
912 680
914 680
916 680
918 680
920 680
922 680
924 680
926 678
928 678
930 678
932 678
934 678
936 678
938 676
940 676
942 676
944 676
946 676
948 676
950 674
952 674
954 674
956 674
958 674
960 674
962 674
964 672
966 672
968 672
970 672
972 672
974 672
976 670
978 670
980 670
982 670
984 670
986 670
988 668
990 668
992 668
994 668
996 668
998 668
1000 668
1002 666
1004 666
1006 666
1008 666
1010 666
1012 666
1014 664
1016 664
1018 664
1020 664
1022 664
1024 664
1026 664
1028 662
1030 662
1032 662
1034 662
1036 662
1038 662
1040 660
1042 660
1044 660
1046 660
1048 660
1050 660
1052 658
1054 658
1056 658
1058 658
1060 658
1062 658
1064 658
1066 656
1068 656
1070 656
1072 656
1074 656
1076 656
1076 654
1074 654
1072 654
1070 654
1068 654
1066 654
1064 654
1062 654
1060 652
1058 652
1056 652
1054 652
1052 652
1050 652
1048 652
1046 652
1044 652
1042 650
1040 650
1038 650
1036 650
1034 650
1032 650
1030 650
1028 650
1026 650
1024 648
1022 648
1020 648
1018 648
1016 648
1014 648
1012 648
1010 648
1008 648
1006 648
1004 646
1002 646
1000 646
998 646
996 646
994 646
992 646
990 646
988 644
988 642
990 640
992 640
994 638
996 638
998 638
1000 638
1002 638
1004 638
1006 636
1008 636
1010 636
1012 636
1014 636
1016 636
1018 636
1020 634
1022 634
1024 634
1026 634
1028 634
1030 634
1032 632
1034 632
1036 632
1038 632
1040 632
1042 632
1044 632
1046 630
1048 630
1050 630
1052 630
1054 630
1056 630
1058 630
1060 628
1062 628
1064 628
1066 628
1068 628
1070 628
1072 626
1074 626
1076 626
1078 626
1080 626
1082 626
1084 626
1086 624
1088 624
1090 624
1092 624
1094 624
1096 624
1098 622
1100 622
1102 622
1104 622
1106 622
1108 622
1110 622
1112 620
1114 620
1116 620
1118 620
1120 620
1122 620
1124 618
1126 618
1128 618
1130 618
1132 618
1134 618
1136 618
1138 616
1140 616
1142 616
1144 616
1146 616
1148 616
1150 614
1152 614
1154 614
1156 614
1158 614
1160 614
1162 614
1164 612
1166 612
1168 612
1170 612
1172 612
1174 612
1176 610
1178 610
1180 610
1182 610
1184 610
1186 610
1188 610
1190 608
1192 608
1194 608
1196 608
1198 608
1200 608
1202 608
1204 606
1206 606
1208 606
1210 606
1212 606
1214 606
1216 604
1218 604
1220 604
1222 604
1224 604
1226 604
1228 604
1230 602
1232 602
1234 602
1236 602
1238 602
1240 602
1242 600
1244 600
1246 600
1248 600
1250 600
1252 600
1254 600
1256 598
1258 598
1260 598
1262 598
1264 598
1266 598
1268 596
1270 596
1272 596
1274 596
1276 596
1278 596
1280 596
1282 594
1284 594
1286 594
1288 594
1290 594
1292 594
1294 592
1296 592
1298 592
1300 592
1302 592
1304 592
1306 592
1308 590
1310 590
1312 590
1314 590
1316 590
1318 590
1320 590
1322 588
1324 588
1326 588
1328 588
1330 588
1332 588
1334 586
1336 586
1338 586
1340 586
1342 586
1344 586
1346 586
1348 584
1350 584
1352 584
1354 584
1356 584
1358 584
1360 582
1362 582
1364 582
1366 582
1368 582
1370 582
1372 582
1374 580
1376 580
1378 580
1380 580
1382 580
1384 580
1386 578
1388 578
1390 578
1392 578
1394 578
1396 578
1398 578
1400 576
1402 576
1404 576
1406 576
1408 576
1410 576
1412 574
1414 574
1416 574
1418 574
1420 574
1422 574
1424 574
1426 572
1428 572
1430 572
1432 572
1434 572
1436 572
1438 570
1440 570
1442 570
1444 570
1446 570
1448 570
1450 570
1452 568
1454 568
1456 568
1458 568
1460 568
1462 568
1464 568
1466 566
1468 566
1470 566
1472 566
1474 566
1476 566
1478 564
1480 564
1482 564
1484 564
1486 564
1488 564
1490 564
1492 562
1494 562
1496 562
1498 562
1500 562
1502 562
1504 560
1506 560
1508 560
1510 560
1512 560
1514 560
1516 560
1518 558
1520 558
1522 558
1524 558
1526 558
1528 558
1530 556
1532 556
1534 556
1536 556
1538 556
1540 556
1542 556
1544 554
1546 554
1548 554
1550 554
1552 554
1554 554
1556 552
1558 552
1560 552
1562 552
1564 552
1566 552
1568 552
1570 550
1572 550
1574 550
1576 550
1578 550
