1300
1518 568
1516 570
1514 570
1512 570
1510 570
1508 570
1506 570
1504 570
1502 572
1500 572
1498 572
1496 572
1494 572
1492 572
1490 574
1488 574
1486 574
1484 574
1482 574
1480 574
1478 574
1476 576
1474 576
1472 576
1470 576
1468 576
1466 576
1464 576
1462 578
1460 578
1458 578
1456 578
1454 578
1452 578
1450 580
1448 580
1446 580
1444 580
1442 580
1440 580
1438 580
1436 582
1434 582
1432 582
1430 582
1428 582
1426 582
1424 584
1362 592
1360 592
1358 594
1356 594
1354 594
1352 594
1350 594
1348 594
1346 596
1344 596
1342 596
1340 596
1338 596
1336 596
1334 596
1332 598
1330 598
1328 598
1326 598
1324 598
1322 598
1320 598
1318 600
1316 600
1314 600
1312 600
1310 600
1308 600
1306 602
1304 602
1302 602
1300 602
1298 602
1296 602
1294 602
1292 604
1290 604
1288 604
1286 604
1284 604
1282 604
1280 606
1278 606
1276 606
1274 606
1272 606
1270 606
1268 606
1266 608
1264 608
1262 608
1260 608
1258 608
1256 608
1254 610
1252 610
1250 610
1248 610
1246 610
1244 610
1242 610
1240 612
1238 612
1236 612
1234 612
1232 612
1230 612
1228 614
1226 614
1224 614
1222 614
1220 614
1218 614
1216 614
1214 616
1212 616
1210 616
1208 616
1206 616
1204 616
1202 618
1200 618
1198 618
1196 618
1194 618
1192 618
1190 618
1188 620
1186 620
1184 620
1182 620
1180 620
1178 620
1176 620
1174 622
1172 622
1170 622
1168 622
1166 622
1164 622
1162 624
1160 624
1158 624
1156 624
1154 624
1152 624
1150 624
1148 626
1146 626
1144 626
1142 626
1140 626
1138 626
1136 628
1134 628
1132 628
1130 628
1128 628
1126 628
1124 628
1122 630
1120 630
1118 630
1116 630
1114 630
1112 630
1110 632
1108 632
1106 632
1104 632
1102 632
1100 632
1098 632
1096 634
1094 634
1092 634
1090 634
1088 634
1086 634
1084 636
1082 636
1080 636
1078 636
1076 636
1074 636
1072 636
1070 638
1068 638
1066 638
1064 638
1062 638
1060 638
1058 640
1056 640
1054 640
1052 640
1050 640
1048 640
1046 640
1044 642
1042 642
1044 642
1046 642
1048 642
1050 642
1052 642
1054 642
1056 642
1058 642
1060 644
1062 644
1064 644
1066 644
1068 644
1070 644
1072 644
1074 644
1076 644
1078 646
1080 646
1082 646
1084 646
1086 646
1088 646
1090 646
1092 646
1094 646
1096 648
1098 648
1100 648
1102 648
1104 648
1106 648
1108 648
1110 648
1112 648
1114 650
1116 650
1118 650
1120 650
1122 650
1124 650
1126 650
1128 650
1130 652
1132 654
1130 656
1128 656
1126 658
1124 658
1122 658
1120 658
1118 658
1116 658
1114 660
1112 660
1110 660
1108 660
1106 660
1104 660
1102 662
1100 662
1098 662
1096 662
1094 662
1092 662
1090 662
1088 664
1086 664
1084 664
1082 664
1080 664
1078 664
1076 666
1074 666
1072 666
1070 666
1068 666
1066 666
1064 668
1062 668
1060 668
1058 668
1056 668
1054 668
1052 668
1050 670
1048 670
1046 670
1044 670
1042 670
1040 670
1038 672
1036 672
1034 672
1032 672
1030 672
1028 672
1026 672
1024 674
1022 674
1020 674
1018 674
1016 674
1014 674
1012 676
1010 676
1008 676
1006 676
1004 676
1002 676
1000 678
998 678
996 678
994 678
992 678
990 678
988 680
986 680
984 680
982 680
980 680
978 680
976 680
974 682
972 682
970 682
968 682
966 682
964 682
962 684
960 684
958 684
956 684
954 684
952 684
950 684
948 686
946 686
944 686
942 686
940 686
938 686
936 688
934 688
932 688
930 688
928 688
926 688
924 690
922 690
920 690
918 690
916 690
914 690
912 690
910 692
908 692
906 692
904 692
902 692
900 692
898 694
896 694
894 694
892 694
890 694
888 694
886 696
884 696
882 696
880 696
878 696
876 696
874 696
872 698
870 698
868 698
866 698
864 698
862 698
860 700
858 700
856 700
854 700
852 700
850 700
848 702
846 702
844 702
842 702
840 702
838 702
836 702
834 704
832 704
830 704
828 704
826 704
824 704
822 706
820 706
818 706
816 706
814 706
812 706
810 706
808 708
806 708
804 708
802 708
800 708
798 708
796 710
794 710
792 710
794 710
796 710
798 710
800 710
802 710
804 710
806 710
808 712
810 712
812 712
814 712
816 712
818 712
820 712
822 714
824 714
826 714
828 714
830 714
832 714
834 714
836 716
838 716
840 716
842 716
844 716
846 716
848 716
850 716
852 718
854 718
856 718
858 718
860 718
862 718
864 718
866 720
868 720
870 720
872 720
874 720
876 720
878 720
880 722
882 722
884 722
886 722
888 722
890 722
892 722
894 722
896 724
898 724
900 724
902 724
904 726
902 728
900 730
898 730
896 730
894 730
892 732
890 732
888 732
886 732
884 732
882 732
880 734
878 734
876 734
874 734
872 734
870 734
868 736
866 736
864 736
862 736
860 736
858 736
856 736
854 738
852 738
850 738
848 738
846 738
844 738
842 740
840 740
838 740
836 740
834 740
832 740
830 740
828 742
826 742
824 742
822 742
820 742
818 742
816 744
814 744
812 744
810 744
808 744
806 744
804 746
802 746
800 746
798 746
796 746
794 746
792 746
790 748
788 748
786 748
784 748
782 748
780 748
778 750
776 750
774 750
772 750
770 750
768 750
766 750
764 752
762 752
760 752
758 752
756 752
754 752
752 754
750 754
748 754
746 754
744 754
742 754
740 756
738 756
736 756
734 756
732 756
730 756
728 756
726 758
724 758
722 758
720 758
718 758
716 758
714 760
712 760
710 760
708 760
706 760
704 760
702 760
700 762
698 762
696 762
694 762
692 762
690 762
688 764
686 764
684 764
682 764
680 764
678 764
676 766
674 766
672 766
670 766
668 766
666 766
664 766
662 768
660 768
658 768
656 768
654 768
652 768
650 770
648 770
646 770
644 770
642 770
640 770
638 770
636 772
634 772
632 772
630 772
628 772
626 772
624 774
622 774
620 774
618 774
616 774
614 774
612 776
610 776
608 776
606 776
604 776
602 776
600 776
598 778
596 778
594 778
592 778
590 778
588 778
586 780
584 780
582 780
580 780
578 780
576 780
574 782
572 782
570 782
568 782
566 782
564 782
562 782
560 784
558 784
556 784
554 784
552 784
550 784
552 786
554 786
556 786
558 786
560 786
562 786
564 786
566 786
568 788
570 788
572 788
574 788
576 788
578 788
580 788
582 788
584 788
586 790
588 790
590 790
592 790
594 790
596 790
598 790
600 790
602 792
604 792
606 792
608 792
610 792
612 792
614 792
616 792
618 794
620 794
622 794
624 794
626 794
628 794
630 794
632 794
634 796
636 796
638 796
640 796
642 796
644 796
646 796
648 796
650 796
652 798
654 798
656 798
658 798
660 798
662 798
664 798
666 798
668 800
670 800
672 800
674 800
676 800
678 800
680 800
682 800
684 802
686 802
688 802
690 802
692 802
694 802
696 802
698 802
700 804
702 804
704 804
706 804
708 804
710 804
712 804
714 804
716 804
718 806
720 806
722 806
724 806
726 806
728 806
730 806
732 806
734 808
736 808
738 808
740 808
742 808
744 808
746 808
748 808
750 810
752 810
754 810
756 810
758 810
760 810
762 810
764 810
766 812
768 812
770 812
772 812
774 812
776 812
778 812
780 812
782 814
784 814
786 814
788 814
790 814
792 814
794 814
796 814
798 816
800 816
802 816
804 816
806 816
808 816
810 816
812 816
814 816
816 818
818 818
820 818
822 818
824 818
826 818
828 818
830 818
832 820
834 820
836 820
838 820
840 820
842 820
844 820
846 820
848 822
850 822
852 822
854 822
856 822
858 822
860 822
862 822
864 824
866 824
868 824
870 824
872 824
874 824
876 824
878 824
880 824
882 826
884 826
886 826
888 826
890 826
892 826
894 826
896 826
898 828
900 828
902 828
904 828
906 828
908 828
910 828
912 828
914 830
916 830
918 830
920 830
922 830
924 830
926 830
928 830
930 830
932 830
934 830
936 828
938 828
940 826
942 826
944 826
946 824
948 824
950 824
952 822
954 822
956 822
958 820
960 820
962 818
964 818
966 818
968 816
970 816
972 816
974 814
976 814
978 814
980 812
982 812
984 810
986 810
988 810
990 808
992 808
994 808
996 806
998 806
1000 804
1002 804
1004 804
1006 802
1008 802
1010 802
1012 800
1014 800
1016 800
1018 798
1020 798
1022 796
1024 796
1026 796
1028 794
1030 794
1032 794
1034 792
1036 792
1038 792
1040 790
1042 790
1044 788
1046 788
1048 788
1050 786
1052 786
1054 786
1056 784
1058 784
1060 784
1062 782
1064 782
1066 780
1068 780
1070 780
1072 778
1074 778
1076 778
1078 776
1080 776
1082 774
1084 774
1086 774
1088 772
1090 772
1092 772
1094 770
1096 770
1098 770
1100 768
1102 768
1104 766
1106 766
1108 766
1110 764
1112 764
1114 764
1116 762
1118 762
1120 760
1122 760
1124 760
1122 760
1120 760
1118 760
1116 758
1114 758
1112 758
1110 758
1108 758
1106 758
1104 758
1102 758
1100 758
1098 756
1096 756
1094 756
1092 756
1090 756
1088 756
1086 756
1084 756
1082 756
1080 754
1078 754
1076 754
1074 754
1072 754
1070 754
1068 754
1066 754
1064 754
1062 754
1060 752
1058 752
1056 752
1054 752
1052 752
1050 752
1048 752
1046 752
1044 750
1044 748
1046 746
1048 744
1050 744
1052 744
1054 744
1056 742
1058 742
1060 742
1062 742
1064 740
1066 740
1068 740
1070 740
1072 738
1074 738
1076 738
1078 738
1080 736
1082 736
1084 736
1086 736
1088 734
1090 734
1092 734
1094 734
1096 732
1098 732
1100 732
1102 732
1104 730
1106 730
1108 730
1110 730
1112 728
1114 728
1116 728
1118 728
1120 726
1122 726
1124 726
1126 726
1128 724
1130 724
1132 724
1134 724
1136 722
1138 722
1140 722
1142 722
1144 720
1146 720
1148 720
1150 720
1152 718
1154 718
1156 718
1158 718
1160 716
1162 716
1164 716
1166 716
1168 714
1170 714
1172 714
1174 714
1176 712
1178 712
1180 712
1182 712
1184 710
1186 710
1188 710
1190 710
1192 708
1194 708
1196 708
1198 708
1200 706
1202 706
1204 706
1206 706
1208 704
1210 704
1212 704
1214 704
1216 702
1218 702
1220 702
1222 702
1224 700
1226 700
1228 700
1230 700
1232 698
1234 698
1236 698
1238 698
1240 696
1242 696
1244 696
1246 696
1248 694
1250 694
1252 694
1254 694
1256 692
1258 692
1260 692
1262 692
1264 690
1266 690
1268 690
1270 690
1272 688
1274 688
1276 688
1278 688
1280 686
1282 686
1284 686
1286 686
1288 684
1290 684
1292 684
1294 684
1296 682
1298 682
1300 682
1302 682
1300 682
1298 680
1296 680
1294 680
1292 680
1290 680
1288 680
1286 680
1284 680
1282 678
1280 678
1278 678
1276 678
1274 678
1272 678
1270 678
1268 678
1266 676
1264 676
1262 676
1260 676
1258 676
1256 676
1254 676
1252 676
1250 674
1248 674
1246 674
1244 674
1242 674
1240 674
1238 674
1236 674
1234 672
1232 672
1230 672
1228 670
1228 668
1230 666
1232 666
1234 666
1236 664
1238 664
1240 662
1242 662
1244 662
1246 660
1248 660
1250 660
1252 658
1254 658
1256 658
1258 656
1260 656
1262 656
1264 654
1266 654
1268 654
1270 652
1272 652
1274 652
1276 650
1278 650
1280 650
1282 648
1284 648
1286 648
1288 646
1290 646
1292 646
1294 644
1296 644
1298 644
1300 642
1302 642
1304 642
1306 640
1308 640
1310 640
1312 638
1314 638
1316 638
1318 636
1320 636
1322 636
1324 634
1326 634
1328 634
1330 632
1332 632
1334 632
1336 630
1338 630
1340 630
1342 628
1344 628
1346 628
1348 626
1350 626
1352 624
1354 624
1356 624
1358 624
1360 622
1362 622
1364 622
1366 620
1368 620
1370 618
1372 618
1374 618
1376 616
1378 616
1380 616
1382 616
1384 614
1386 614
1388 612
1390 612
1392 612
1394 610
1396 610
1398 610
1400 608
1402 608
1404 608
1406 606
1408 606
1410 606
1412 604
1414 604
1416 604
1418 602
1420 602
1422 602
1424 600
1426 600
1428 600
1430 598
1432 598
1434 598
1436 596
1438 596
1440 596
1442 594
1444 594
1446 594
1448 592
1450 592
1452 592
1454 590
1456 590
1458 590
1460 588
1462 588
1464 588
1466 586
1468 586
1470 586
1472 584
1474 584
1476 584
1478 582
1480 582
1482 582
1484 580
1486 580
1488 580
1490 578
1492 578
1494 578
1496 576
1498 576
1500 576
1502 574
1504 574
1506 574
1508 572
1510 572
1512 572
1514 570
1516 570
1518 570
1520 568
1522 568
1520 568
