283
860 346
862 344
864 344
866 344
868 344
870 344
872 344
874 344
876 344
878 344
880 344
882 344
884 344
886 346
888 346
890 346
892 346
894 346
896 346
898 348
900 348
902 348
904 350
906 350
908 350
910 352
912 352
914 354
916 354
918 356
920 356
922 358
924 358
926 360
928 362
930 362
932 364
934 366
936 368
938 370
940 372
942 372
944 374
944 376
946 378
948 380
950 382
952 384
952 386
954 388
956 390
956 392
958 394
960 396
960 398
960 400
962 402
962 404
964 406
964 408
966 410
966 412
966 414
968 416
968 418
968 420
968 422
970 424
970 426
970 428
970 430
970 432
970 434
970 436
970 438
970 440
970 442
970 444
970 446
970 448
970 450
970 452
970 454
970 456
970 458
970 460
970 462
970 464
968 466
968 468
968 470
968 472
966 474
966 476
966 478
964 480
964 482
962 484
962 486
962 488
960 490
960 492
958 494
956 496
956 498
954 500
952 502
952 504
950 506
948 508
946 510
944 512
944 514
942 516
940 516
938 518
936 520
934 522
932 524
930 526
928 526
926 528
924 530
922 530
920 532
918 534
916 534
914 534
912 536
910 536
908 538
906 538
904 538
902 540
900 540
898 540
896 542
894 542
892 542
890 542
888 542
886 542
884 544
882 544
880 544
878 544
876 544
874 544
872 544
870 544
868 544
866 544
864 544
862 544
860 542
858 542
856 542
854 542
852 542
850 542
848 540
846 540
844 540
842 538
840 538
838 538
836 536
834 536
832 534
830 534
828 532
826 532
824 530
822 530
820 528
818 526
816 526
814 524
812 522
810 520
808 518
806 516
804 516
802 514
802 512
800 510
798 508
796 506
794 504
794 502
792 500
790 498
790 496
788 494
786 492
786 490
786 488
784 486
784 484
782 482
782 480
780 478
780 476
780 474
778 472
778 470
778 468
778 466
778 464
776 462
776 460
776 458
776 456
776 454
776 452
776 450
776 448
776 446
776 444
776 442
776 440
776 438
776 436
776 434
776 432
776 430
776 428
776 426
778 424
778 422
778 420
778 418
778 416
780 414
780 412
780 410
782 408
782 406
784 404
784 402
786 400
786 398
786 396
788 394
790 392
790 390
792 388
794 386
794 384
796 382
798 380
800 378
802 376
802 374
802 372
804 370
806 370
808 370
810 368
812 366
814 364
816 362
818 362
820 360
822 358
824 358
826 356
828 356
830 354
832 354
834 352
836 352
838 350
840 350
842 350
844 348
846 348
848 348
850 346
852 346
854 346
856 346
858 346
