250
872 354
870 356
868 356
866 356
864 356
862 356
860 356
858 356
856 356
854 358
852 358
850 358
848 358
846 360
844 360
842 362
840 362
838 362
836 364
834 364
832 366
830 366
828 368
826 370
824 370
822 372
820 374
818 376
816 376
814 378
812 380
810 382
810 384
808 386
806 388
804 390
802 392
802 394
800 396
798 398
798 400
796 402
796 404
794 406
794 408
792 410
792 412
792 414
790 416
790 418
790 420
788 422
788 424
788 426
788 428
788 430
786 432
786 434
786 436
786 438
786 440
786 442
786 444
786 446
786 448
786 450
786 452
786 454
786 456
788 458
788 460
788 462
788 464
788 466
790 468
790 470
790 472
792 474
792 476
792 478
794 480
794 482
796 484
796 486
798 488
798 490
800 492
802 494
802 496
804 498
806 500
808 502
808 504
810 506
812 508
814 510
816 512
818 512
820 514
822 516
824 518
826 518
828 520
830 522
832 522
834 524
836 524
838 526
840 526
842 528
844 528
846 528
848 530
850 530
852 530
854 530
856 532
858 532
860 532
862 532
864 532
866 532
868 532
870 534
872 534
874 534
876 534
878 532
880 532
882 532
884 532
886 532
888 532
890 532
892 530
894 530
896 530
898 530
900 528
902 528
904 528
906 526
908 526
910 524
912 524
914 522
916 522
918 520
920 518
922 518
924 516
926 514
928 512
930 512
932 510
934 508
936 506
938 504
938 502
940 500
942 498
944 496
944 494
946 492
948 490
948 488
950 486
950 484
952 482
952 480
954 478
954 476
954 474
956 472
956 470
956 468
958 466
958 464
958 462
958 460
958 458
960 456
960 454
960 452
960 450
960 448
960 446
960 444
960 442
960 440
960 438
960 436
960 434
960 432
958 430
958 428
958 426
958 424
958 422
956 420
956 418
956 416
954 414
954 412
954 410
952 408
952 406
950 404
950 402
948 400
948 398
946 396
944 394
944 392
942 390
940 388
938 386
936 384
936 382
934 380
932 380
930 378
928 376
926 374
924 372
922 370
920 370
918 368
916 366
914 366
912 364
910 364
908 362
906 362
904 360
902 360
900 360
898 358
896 358
894 358
892 358
890 356
888 356
886 356
884 356
882 356
880 356
878 356
876 356
874 354
