204
954 276
956 274
958 274
960 274
962 274
964 274
966 274
968 274
970 274
972 274
974 274
976 274
978 274
980 274
982 274
984 274
986 274
988 274
990 274
992 274
994 274
996 274
998 274
1000 274
1002 274
1004 274
1006 274
1008 274
1010 274
1012 274
1014 274
1016 274
1018 274
1020 274
1022 274
1024 274
1026 274
1028 276
1030 276
1032 276
1034 276
1036 276
1038 276
1040 276
1042 276
1044 276
1046 276
1048 276
1050 276
1052 276
1054 276
1056 278
1058 278
1060 278
1062 278
1064 278
1066 278
1068 278
1070 280
1072 280
1074 280
1076 280
1078 280
1080 282
1082 282
1084 282
1086 284
1088 284
1090 286
1090 288
1090 290
1090 292
1090 294
1088 296
1086 298
1084 298
1082 300
1080 300
1078 300
1076 300
1074 302
1072 302
1070 302
1068 302
1066 302
1064 302
1062 304
1060 304
1058 304
1056 304
1054 304
1052 304
1050 304
1048 304
1046 304
1044 304
1042 306
1040 306
1038 306
1036 306
1034 306
1032 306
1030 306
1028 306
1026 306
1024 306
1022 306
1020 306
1018 306
1016 306
1014 306
1012 306
1010 306
1008 306
1006 306
1004 306
1002 306
1000 306
998 306
996 306
994 306
992 306
990 306
988 306
986 306
984 306
982 306
980 306
978 306
976 306
974 306
972 306
970 306
968 306
966 306
964 306
962 306
960 306
958 306
956 306
954 306
952 306
950 306
948 306
946 306
944 306
942 306
940 306
938 304
936 304
934 304
932 304
930 304
928 304
926 304
924 304
922 304
920 304
918 302
916 302
914 302
912 302
910 302
908 300
906 300
904 300
902 300
900 298
898 298
896 296
894 294
894 292
894 290
894 288
894 286
896 284
898 284
900 282
902 282
904 282
906 280
908 280
910 280
912 280
914 278
916 278
918 278
920 278
922 278
924 278
926 278
928 278
930 276
932 276
934 276
936 276
938 276
940 276
942 276
944 276
946 276
948 276
950 276
952 276
