162
980 284
978 286
976 286
974 286
972 286
970 286
968 286
966 286
964 286
962 286
960 286
958 286
956 286
954 286
952 286
950 286
948 286
946 286
944 286
942 286
940 286
938 286
936 288
934 288
932 288
930 288
928 288
926 288
924 288
922 288
920 288
918 290
916 290
914 290
912 290
910 290
912 290
914 292
916 292
918 292
920 292
922 292
924 292
926 292
928 294
930 294
932 294
934 294
936 294
938 294
940 294
942 294
944 294
946 294
948 294
950 294
952 296
954 296
956 296
958 296
960 296
962 296
964 296
966 296
968 296
970 296
972 296
974 296
976 296
978 296
980 296
982 296
984 296
986 296
988 296
990 296
992 296
994 296
996 296
998 296
1000 296
1002 296
1004 296
1006 296
1008 296
1010 296
1012 296
1014 296
1016 296
1018 296
1020 296
1022 296
1024 296
1026 296
1028 296
1030 296
1032 296
1034 294
1036 294
1038 294
1040 294
1042 294
1044 294
1046 294
1048 294
1050 294
1052 294
1054 294
1056 292
1058 292
1060 292
1062 292
1064 292
1066 292
1068 292
1070 290
1072 290
1070 290
1068 290
1066 290
1064 290
1062 288
1060 288
1058 288
1056 288
1054 288
1052 288
1050 288
1048 288
1046 288
1044 286
1042 286
1040 286
1038 286
1036 286
1034 286
1032 286
1030 286
1028 286
1026 286
1024 286
1022 286
1020 286
1018 286
1016 286
1014 286
1012 286
1010 286
1008 286
1006 286
1004 284
1002 284
1000 284
998 284
996 284
994 284
992 284
990 284
988 284
986 284
984 284
982 284
